0.0
0.0
-0.013183594
-0.013122559
0.012298584
0.012268066
0.009063721
0.009246826
-0.018585205
-0.018676758
0.0012512207
0.0011901855
0.016845703
0.016784668
-0.004699707
-0.0045776367
-0.019683838
-0.019683838
0.023895264
0.023956299
0.009277344
0.009521484
-0.023101807
-0.023162842
-0.0099487305
-0.00982666
0.020202637
0.020019531
0.024780273
0.024749756
-0.030822754
-0.030700684
-0.021270752
-0.021362305
0.038208008
0.038116455
0.016540527
0.016418457
-0.05130005
-0.051483154
0.0035705566
0.0036010742
0.052001953
0.051849365
-0.009399414
-0.0095825195
-0.052886963
-0.052764893
0.025665283
0.025756836
0.035095215
0.035095215
-0.018096924
-0.018127441
-0.029083252
-0.028961182
0.01889038
0.018920898
0.03125
0.031097412
-0.029968262
-0.030029297
-0.012176514
-0.012268066
0.03869629
0.03881836
-0.014007568
-0.013946533
-0.02609253
-0.025939941
0.012390137
0.012298584
0.0152282715
0.015106201
-0.25375366
-0.25405884
-0.048309326
-0.048614502
0.42300415
0.4230957
-0.28494263
-0.28475952
-0.2482605
-0.24832153
0.3970337
0.39712524
0.020568848
0.020568848
-0.34597778
-0.34570312
0.1612854
0.16140747
0.23727417
0.23724365
-0.2591858
-0.25909424
-0.10723877
-0.10723877
0.26745605
0.2675171
0.026519775
0.0262146
-0.32363892
-0.3239746
-0.09207153
-0.09240723
0.39208984
0.39212036
0.026031494
0.026000977
-0.33554077
-0.33529663
0.074035645
0.07400513
0.3025818
0.30255127
-0.16098022
-0.16113281
-0.18109131
-0.18093872
0.24081421
0.24087524
0.01373291
0.0134887695
-0.12408447
-0.1239624
0.021972656
0.022094727
0.025817871
0.025939941
-0.018157959
-0.01776123
-0.001373291
-0.0012817383
0.0335083
0.033294678
-0.054779053
-0.054840088
-0.028869629
-0.028900146
0.12564087
0.12557983
-0.01739502
-0.017547607
-0.15136719
-0.15130615
0.07611084
0.07635498
0.12966919
0.12963867
-0.117370605
-0.11740112
-0.0914917
-0.0914917
0.14129639
0.14138794
0.05532837
0.055358887
-0.14715576
-0.14703369
-0.012329102
-0.012237549
0.14282227
0.14285278
-0.02243042
-0.022369385
-0.13320923
-0.13323975
0.04949951
0.04953003
0.099243164
0.099090576
-0.07458496
-0.07446289
-0.054260254
-0.054229736
0.06484985
0.0647583
0.025268555
0.02520752
-0.05154419
-0.051574707
-0.0025939941
-0.0027160645
0.04055786
0.040740967
-0.018585205
-0.018737793
-0.009460449
-0.009613037
0.019226074
0.01940918
-0.0037231445
-0.0035705566
-0.016174316
-0.016113281
0.0045776367
0.004638672
0.009124756
0.009277344
-0.019500732
-0.019622803
0.017822266
0.018157959
0.014862061
0.014801025
-0.029449463
-0.02947998
-0.01663208
-0.016693115
0.041168213
0.041137695
0.008178711
0.008087158
-0.055145264
-0.05517578
0.021087646
0.021148682
0.044708252
0.04473877
-0.0552063
-0.054992676
0.004211426
0.0042419434
0.041046143
0.041168213
-0.02456665
-0.02468872
-0.018707275
-0.018707275
0.023834229
0.023773193
0.019256592
0.019256592
-0.031341553
-0.03149414
-0.009857178
-0.00970459
0.037902832
0.037872314
-0.01260376
-0.012664795
-0.02798462
-0.027862549
0.022888184
0.022857666
0.020965576
0.021026611
-0.03845215
-0.038604736
-0.004425049
-0.004425049
0.0418396
0.041778564
-0.0115356445
-0.01159668
-0.040039062
-0.040161133
0.031921387
0.031951904
0.031097412
0.031036377
-0.04928589
-0.049316406
-6.4086914E-4
-6.1035156E-4
0.04083252
0.04095459
-0.00894165
-0.00894165
-0.033966064
-0.03390503
0.015319824
0.015472412
0.020324707
0.020507812
-0.020019531
-0.019927979
-0.011871338
-0.01171875
0.027862549
0.027893066
0.0019836426
0.0020446777
-0.02609253
-0.025970459
0.0041503906
0.0040893555
0.017242432
0.017150879
-0.013244629
-0.013244629
-0.0019226074
-0.0019836426
0.021911621
0.02178955
-0.0064086914
-0.0063171387
-0.013916016
-0.014007568
0.007232666
0.007293701
0.0057678223
0.0056762695
-0.008850098
-0.008636475
0.0012512207
0.0011291504
0.0077819824
0.0077819824
-0.007171631
-0.007385254
0.0019226074
0.0020141602
0.0052490234
0.005065918
0.0055236816
0.0055236816
-0.03137207
-0.031585693
0.015777588
0.015930176
0.021453857
0.021331787
-0.009490967
-0.009399414
-0.023590088
-0.02355957
0.020263672
0.020355225
0.013153076
0.013031006
-0.021514893
-0.021331787
-0.0178833
-0.017913818
0.04309082
0.04296875
-0.01071167
-0.010681152
-0.024963379
-0.025054932
0.010375977
0.010437012
0.022979736
0.022979736
-0.021484375
-0.021514893
-0.016967773
-0.017028809
0.032470703
0.032440186
1.2207031E-4
1.2207031E-4
-0.024139404
-0.024108887
-0.0021362305
-0.0021972656
0.027740479
0.027801514
-0.013885498
-0.013916016
-0.007537842
-0.0074157715
0.004058838
0.0041503906
0.020568848
0.0206604
-0.02142334
-0.021392822
-0.0099487305
-0.00982666
0.022277832
0.022277832
0.002532959
0.002746582
-0.01928711
-0.01953125
-0.0038146973
-0.00390625
0.030181885
0.03024292
-0.011016846
-0.011016846
-0.023162842
-0.023284912
0.015899658
0.015991211
0.01675415
0.016693115
-0.02545166
-0.02545166
-0.0025634766
-0.0024719238
0.023376465
0.023345947
-0.0015869141
-0.001739502
-0.028808594
-0.028961182
0.015991211
0.016052246
0.01977539
0.01953125
-0.027832031
-0.027740479
-0.004119873
-0.0041503906
0.03555298
0.035614014
-0.014831543
-0.014801025
-0.029693604
-0.029663086
0.02420044
0.024169922
0.019165039
0.019165039
-0.026153564
-0.026245117
-0.01940918
-0.01953125
0.0385437
0.0385437
0.003479004
0.0034179688
-0.035491943
-0.035491943
0.014465332
0.014465332
0.023742676
0.02368164
-0.026916504
-0.026916504
-0.015808105
-0.015930176
0.040130615
0.039855957
-4.5776367E-4
-5.79834E-4
-0.035461426
-0.03552246
0.019042969
0.018981934
0.028320312
0.028167725
-0.032043457
-0.03201294
-0.017425537
-0.017425537
0.034301758
0.034088135
0.0087890625
0.008758545
-0.045074463
-0.04525757
0.019989014
0.020050049
0.030578613
0.030517578
-0.029052734
-0.028930664
-0.02633667
-0.02645874
0.040161133
0.040283203
0.0076293945
0.007751465
-0.0440979
-0.044158936
0.019165039
0.019165039
0.024871826
0.024993896
-0.02154541
-0.021606445
-0.019714355
-0.019592285
0.02798462
0.028015137
0.011474609
0.011474609
-0.032928467
-0.032928467
0.004058838
0.004272461
0.02999878
0.029907227
-0.015258789
-0.015472412
-0.0211792
-0.02130127
0.020355225
0.02017212
0.015777588
0.01574707
-0.027374268
-0.027374268
-0.0032043457
-0.0032043457
0.027801514
0.027740479
-0.0071105957
-0.007232666
-0.021575928
-0.021575928
0.01928711
0.019073486
0.008331299
0.008239746
-0.016662598
-0.016723633
-0.0034179688
-0.0034484863
0.020874023
0.020904541
-0.009918213
-0.009979248
-0.008178711
-0.008239746
0.008728027
0.008666992
0.004852295
0.004760742
-0.012298584
-0.012329102
0.001953125
0.0018005371
0.0071105957
0.0070495605
-0.0025939941
-0.0026245117
-0.008514404
-0.008575439
0.008239746
0.008026123
0.009552002
0.009643555
-0.011077881
-0.011047363
-0.00793457
-0.007965088
0.012207031
0.012176514
0.007080078
0.0069274902
-0.015777588
-0.015533447
5.187988E-4
5.493164E-4
0.009674072
0.009765625
-0.003326416
-0.0034484863
-0.014160156
-0.013977051
0.009399414
0.009613037
0.018432617
0.018554688
-0.018096924
-0.018218994
-0.006225586
-0.0063171387
0.015197754
0.015411377
0.0065307617
0.0064697266
-0.025909424
-0.025787354
0.0074157715
0.007293701
0.02178955
0.021697998
-0.012878418
-0.012786865
-0.020080566
-0.020111084
0.020202637
0.020141602
0.01171875
0.011688232
-0.020446777
-0.020599365
-0.0031738281
-0.002960205
0.019317627
0.019134521
-0.006134033
-0.006164551
-0.012481689
-0.012329102
0.009185791
0.009033203
0.010009766
0.010192871
-0.015808105
-0.015716553
-0.0015258789
-0.0014038086
0.012939453
0.012786865
-0.0022583008
-0.0022888184
-0.007385254
-0.007507324
-0.0012817383
-0.0011901855
0.008117676
0.008239746
0.0028686523
0.0028076172
-0.006134033
-0.0060424805
-0.0010375977
-8.8500977E-4
4.272461E-4
3.3569336E-4
2.4414062E-4
1.8310547E-4
-0.0032653809
-0.0033569336
0.005004883
0.0050354004
0.00289917
0.0028686523
-0.003326416
-0.003326416
-0.0071105957
-0.007171631
0.009246826
0.009185791
0.0032043457
0.0032348633
-0.011566162
-0.011505127
0.0032958984
0.0032348633
0.01361084
0.01361084
-0.009216309
-0.009338379
-0.018035889
-0.0178833
0.02078247
0.020812988
0.0052490234
0.0052490234
-0.018737793
-0.018829346
-3.0517578E-4
-1.2207031E-4
0.019836426
0.019805908
-0.0068969727
-0.007019043
-0.021606445
-0.02166748
0.019317627
0.019378662
0.019165039
0.019012451
-0.03265381
-0.032684326
1.8310547E-4
1.5258789E-4
0.03012085
0.030090332
-0.009613037
-0.009643555
-0.028778076
-0.028747559
0.02557373
0.025512695
0.012878418
0.013061523
-0.029571533
-0.029693604
0.0031738281
0.003112793
0.02218628
0.022216797
-0.0095825195
-0.0095825195
-0.014129639
-0.014160156
0.013458252
0.013641357
0.0113220215
0.011413574
-0.022491455
-0.022399902
3.9672852E-4
3.3569336E-4
0.015533447
0.015655518
0.005065918
0.005065918
-0.02508545
-0.024902344
0.0064697266
0.006286621
0.021331787
0.021331787
-0.015411377
-0.015533447
-0.017791748
-0.017944336
0.021209717
0.021362305
0.009033203
0.009033203
-0.02444458
-0.024658203
0.0038757324
0.003753662
0.02432251
0.024383545
-0.014801025
-0.014862061
-0.018005371
-0.017913818
0.017028809
0.016906738
0.013793945
0.013824463
-0.025970459
-0.025817871
-0.00390625
-0.00390625
0.026428223
0.026245117
-0.0038757324
-0.0036621094
-0.022125244
-0.022247314
0.011108398
0.011230469
0.02166748
0.02154541
-0.02243042
-0.022277832
-0.009796143
-0.0099487305
0.020629883
0.020721436
0.0019836426
0.0017700195
-0.020904541
-0.020843506
0.00970459
0.009552002
0.015716553
0.015655518
-0.020233154
-0.020233154
-0.0030517578
-0.0030517578
0.0128479
0.012878418
7.324219E-4
8.239746E-4
-0.010101318
-0.010253906
0.0053100586
0.0055236816
0.0036621094
0.0035095215
-0.0033569336
-0.003326416
-0.007873535
-0.007873535
0.007751465
0.007751465
0.0016784668
0.0018005371
-0.0054626465
-0.005340576
-0.004180908
-0.0042419434
0.0087890625
0.0087890625
0.0039978027
0.0040283203
-0.013641357
-0.013458252
0.00491333
0.005065918
0.011047363
0.010925293
-0.010620117
-0.010681152
-0.0044555664
-0.004333496
0.013793945
0.013793945
0.0019836426
0.0018615723
-0.02670288
-0.026855469
0.016204834
0.016204834
0.017364502
0.017303467
-0.019165039
-0.019226074
-0.011077881
-0.011016846
0.025268555
0.02532959
0.0045166016
0.004760742
-0.033935547
-0.033966064
0.013763428
0.013702393
0.020690918
0.020812988
-0.021362305
-0.02142334
-0.011657715
-0.011657715
0.029205322
0.028961182
-0.0032043457
-0.0030822754
-0.02645874
-0.026611328
0.011108398
0.011108398
0.021240234
0.02130127
-0.015136719
-0.015319824
-0.014434814
-0.014434814
0.01727295
0.017425537
0.012176514
0.012084961
-0.01977539
-0.019744873
-0.008880615
-0.008880615
0.026123047
0.02609253
-0.00579834
-0.0057678223
-0.019500732
-0.019348145
0.016296387
0.016296387
0.010864258
0.010620117
-0.020751953
-0.020904541
-0.0021972656
-0.0022277832
0.02331543
0.023254395
-0.011352539
-0.0113220215
-0.016174316
-0.016204834
0.017303467
0.017303467
-8.8500977E-4
-6.4086914E-4
-0.009002686
-0.00894165
0.004699707
0.0048828125
0.0077209473
0.0076293945
-0.010223389
-0.010253906
0.0022888184
0.002319336
0.0037841797
0.0037841797
-0.0050964355
-0.0051879883
-3.0517578E-5
-9.1552734E-5
0.005065918
0.0051879883
-0.0037841797
-0.0037231445
-0.0018615723
-0.0018615723
0.0040893555
0.0041503906
0.0020141602
0.0020751953
-0.0061035156
-0.0061950684
0.0037231445
0.003753662
9.1552734E-4
9.765625E-4
-0.0037841797
-0.003692627
0.0020751953
0.0019226074
0.003479004
0.0032958984
-0.003112793
-0.0030822754
-0.003967285
-0.0039367676
0.0056762695
0.005706787
0.0010986328
0.0010375977
-0.0052490234
-0.005279541
0.0010070801
0.0010070801
0.0053710938
0.0054626465
-0.005065918
-0.0050354004
-0.005126953
-0.005218506
0.009521484
0.009338379
-0.001739502
-0.0019226074
-0.0075683594
-0.007537842
0.011108398
0.011199951
-0.0011901855
-0.0011901855
-0.0057678223
-0.00579834
-1.2207031E-4
-1.2207031E-4
0.005493164
0.005493164
-0.0034179688
-0.0033569336
-0.0024108887
-0.0024108887
0.0018615723
0.001739502
0.002105713
0.002166748
-0.0012817383
-0.0013122559
-0.003753662
-0.0037841797
0.0015869141
0.0017700195
0.0038452148
0.0038146973
-0.0013427734
-0.001373291
-0.0012817383
-0.0011901855
0.002319336
0.0023498535
-7.019043E-4
-6.4086914E-4
-0.001373291
-0.0012817383
-0.005218506
-0.0053100586
0.0075683594
0.007537842
0.0013122559
0.001373291
-0.006439209
-0.006591797
0.0017089844
0.0016174316
0.007843018
0.00793457
-0.0035705566
-0.0036010742
-0.009674072
-0.009613037
0.010620117
0.010894775
1.5258789E-4
2.746582E-4
-0.009216309
-0.009338379
0.0025939941
0.0025024414
0.010406494
0.010345459
-0.010467529
-0.010559082
-0.0036010742
-0.003753662
0.0101623535
0.010101318
-6.713867E-4
-7.019043E-4
-0.00680542
-0.00680542
5.187988E-4
4.8828125E-4
0.007446289
0.007598877
-0.004180908
-0.004333496
-0.004333496
-0.0043945312
0.006225586
0.0062561035
0.001739502
0.0017700195
-0.007537842
-0.007507324
0.0020751953
0.0021972656
0.0056762695
0.0056762695
-0.0019226074
-0.001953125
-0.0059814453
-0.0060424805
0.0051574707
0.0050964355
0.0014953613
0.0014343262
-0.0051574707
-0.005279541
8.8500977E-4
7.9345703E-4
0.0034484863
0.0032958984
0.003479004
0.0036621094
-0.0064697266
-0.0064086914
-0.0013122559
-0.0012817383
0.0051879883
0.005218506
-9.460449E-4
-7.9345703E-4
-0.0050964355
-0.0049438477
9.1552734E-4
0.0011291504
0.008087158
0.008361816
-0.0077209473
-0.0076293945
-0.0044555664
-0.0045166016
0.00970459
0.00970459
-0.0026245117
-0.0026855469
-0.008239746
-0.008300781
0.007751465
0.0076904297
0.005706787
0.005554199
-0.00680542
-0.0068359375
-0.001953125
-0.001953125
0.0061950684
0.006225586
-0.001159668
-0.0012207031
-0.0026855469
-0.0025939941
-7.9345703E-4
-7.6293945E-4
0.001953125
0.0018920898
-0.0013122559
-0.0012817383
9.1552734E-5
1.2207031E-4
7.019043E-4
7.324219E-4
0.0016479492
0.0015869141
-0.0038452148
-0.0037841797
0.0014648438
0.0014648438
0.002166748
0.0020446777
-7.6293945E-4
-8.544922E-4
-0.0010375977
-0.0010986328
0.0019226074
0.0020446777
-0.0036315918
-0.0036621094
-1.5258789E-4
-2.1362305E-4
0.0020751953
0.002105713
-6.1035156E-5
3.0517578E-5
-9.1552734E-4
-9.1552734E-4
0.0012817383
0.0010681152
6.1035156E-4
5.187988E-4
-0.0018615723
-0.0018005371
2.4414062E-4
2.1362305E-4
0.0046081543
0.004699707
-0.0025939941
-0.0025634766
-0.003326416
-0.0034484863
0.0036315918
0.0036315918
6.1035156E-5
6.1035156E-5
-0.0024108887
-0.002380371
-0.0014648438
-0.0017089844
0.0032043457
0.003112793
9.1552734E-4
8.8500977E-4
-0.0034179688
-0.0033569336
0.0
1.8310547E-4
0.004333496
0.004425049
-0.0013427734
-0.0013122559
-0.0050354004
-0.005065918
0.004699707
0.0046691895
0.0037231445
0.0038452148
-0.008758545
-0.00869751
2.1362305E-4
3.0517578E-4
0.008361816
0.008392334
-0.0038452148
-0.0040283203
-0.0063476562
-0.0062561035
0.00680542
0.0067749023
0.0032958984
0.0033874512
-0.00680542
-0.006866455
-0.0021362305
-0.0022277832
0.009552002
0.009429932
-0.0012817383
-0.0013427734
-0.010040283
-0.010131836
0.0039367676
0.003967285
0.009674072
0.00982666
-0.010131836
-0.010009766
-0.002166748
-0.002319336
0.009429932
0.0093688965
9.765625E-4
9.460449E-4
-0.010375977
-0.010223389
0.0010681152
0.0011291504
0.011199951
0.011199951
-0.0065612793
-0.0064697266
-0.0095825195
-0.009643555
0.009796143
0.009979248
0.0054626465
0.005493164
-0.011657715
-0.01171875
-1.5258789E-4
-6.1035156E-5
0.011627197
0.01159668
-0.0047302246
-0.0047912598
-0.009124756
-0.009063721
0.008270264
0.008514404
0.0064697266
0.006286621
-0.009643555
-0.00970459
-0.0032653809
-0.003326416
0.010955811
0.010955811
-0.0010070801
-0.0010986328
-0.010559082
-0.010375977
0.0061950684
0.006225586
0.006225586
0.006134033
-0.008728027
-0.008880615
-0.003692627
-0.003753662
0.010803223
0.0105896
-0.0012512207
-0.0012817383
-0.007965088
-0.007904053
0.0030822754
0.0029907227
0.0068969727
0.007080078
-0.0046691895
-0.0045166016
-0.00579834
-0.0058898926
0.0064697266
0.006500244
0.0043640137
0.0044555664
-0.009674072
-0.009613037
-4.5776367E-4
-3.9672852E-4
0.009521484
0.009490967
-0.0025634766
-0.0026245117
-0.009338379
-0.009490967
0.0070495605
0.007171631
0.0051879883
0.005126953
-0.007446289
-0.0074157715
-0.0022888184
-0.0022583008
0.009124756
0.009063721
-0.001159668
-0.0011291504
-0.010406494
-0.010345459
0.0067749023
0.0068359375
0.0068969727
0.0066833496
-0.007659912
-0.007751465
-0.0052490234
-0.0051879883
0.011352539
0.011383057
-9.1552734E-4
-6.713867E-4
-0.0105896
-0.010528564
0.0035095215
0.003479004
0.008117676
0.008178711
-0.005706787
-0.0056152344
-0.0044555664
-0.004486084
0.0071411133
0.0071411133
0.0026245117
0.0026550293
-0.008850098
-0.009002686
-0.0016479492
-0.0016174316
0.011138916
0.011108398
-0.0029296875
-0.002960205
-0.007385254
-0.0074768066
0.002532959
0.002532959
0.0061035156
0.0059509277
-0.0032043457
-0.0031738281
-0.0042419434
-0.0042419434
0.004852295
0.0047912598
0.0014648438
0.0014953613
-0.006164551
-0.0061035156
0.0027770996
0.0028686523
0.004699707
0.004638672
-0.0030517578
-0.0029907227
-0.005218506
-0.0051879883
0.0048828125
0.0048828125
0.0010681152
0.001159668
-0.0024108887
-0.0024108887
-0.0017089844
-0.0015563965
0.0027770996
0.0029296875
0.001159668
0.0012512207
-0.0049743652
-0.005004883
0.0037231445
0.003753662
0.0020751953
0.0021972656
-0.004699707
-0.004699707
-3.3569336E-4
-3.0517578E-4
0.0050964355
0.005004883
-0.0014343262
-0.0015258789
-0.0045166016
-0.0046081543
0.0033874512
0.0032653809
0.0036621094
0.003540039
-0.0048828125
-0.0048828125
-0.0020751953
-0.0020751953
0.005859375
0.0057678223
-0.0012512207
-0.0013122559
-0.0017089844
-0.0017700195
9.1552734E-5
9.1552734E-5
0.0026550293
0.002532959
-0.0027160645
-0.002746582
-3.0517578E-5
3.0517578E-5
0.001159668
0.0010681152
-3.3569336E-4
-1.8310547E-4
-3.6621094E-4
-4.5776367E-4
0.0
6.1035156E-5
5.79834E-4
3.6621094E-4
-3.0517578E-5
-6.1035156E-5
-0.0010375977
-0.0010375977
-3.6621094E-4
-2.1362305E-4
0.002532959
0.002746582
-0.0014038086
-0.0013122559
-0.0016479492
-0.0016784668
4.8828125E-4
4.8828125E-4
0.0021362305
0.0022583008
-9.765625E-4
-0.0010681152
-3.0517578E-5
-6.1035156E-5
-0.0013427734
-0.0013427734
0.0016479492
0.0015869141
-4.5776367E-4
-5.187988E-4
-0.0011901855
-0.0010681152
0.0032958984
0.0032348633
-0.0016479492
-0.0017700195
-0.001739502
-0.0018310547
0.0013427734
0.0012512207
7.324219E-4
6.713867E-4
6.713867E-4
7.9345703E-4
-0.0034484863
-0.0035095215
0.001739502
0.0015869141
0.0024414062
0.002380371
-0.0010681152
-9.460449E-4
-0.003540039
-0.0035095215
0.0024108887
0.002532959
0.0030212402
0.0032653809
-0.005065918
-0.0049743652
9.1552734E-5
2.746582E-4
0.0035095215
0.0035705566
-3.0517578E-5
0.0
-0.0022277832
-0.0022888184
-1.5258789E-4
-3.0517578E-5
0.0015869141
0.0015869141
-0.0018920898
-0.0017700195
3.6621094E-4
2.1362305E-4
0.0026245117
0.002746582
-0.002105713
-0.0020446777
-0.0023498535
-0.0025024414
0.0042419434
0.004211426
-1.5258789E-4
-1.8310547E-4
-0.0037231445
-0.0035705566
0.0016479492
0.0016479492
0.0030822754
0.002960205
-0.0027160645
-0.0027160645
-0.0028076172
-0.00289917
0.005126953
0.0052490234
1.2207031E-4
3.0517578E-4
-0.005340576
-0.0051879883
3.3569336E-4
4.5776367E-4
0.0050964355
0.0053100586
-0.001159668
-0.001159668
-0.005554199
-0.005645752
0.004425049
0.004333496
0.0026550293
0.0026245117
-0.0049743652
-0.0049438477
3.0517578E-5
-6.1035156E-5
0.0037841797
0.0037231445
-7.9345703E-4
-0.0010375977
-0.0032348633
-0.0032043457
0.0030822754
0.0029296875
9.460449E-4
8.544922E-4
-0.0030212402
-0.0030212402
6.4086914E-4
6.4086914E-4
0.0029296875
0.0030517578
-0.003326416
-0.0031433105
-9.460449E-4
-7.324219E-4
0.004425049
0.004547119
-3.9672852E-4
-3.9672852E-4
-0.0053100586
-0.005493164
0.0021362305
0.002166748
0.0043945312
0.0043640137
-0.0027770996
-0.0028381348
-0.0033874512
-0.0032043457
0.0029907227
0.002960205
0.0030822754
0.0030212402
-0.005340576
-0.0054626465
-3.0517578E-5
-3.0517578E-5
0.004699707
0.0046691895
-8.239746E-4
-7.6293945E-4
-0.006164551
-0.0063171387
0.0047912598
0.004760742
0.0029296875
0.0028686523
-0.003479004
-0.0035705566
-0.003692627
-0.0036621094
0.0057678223
0.005584717
0.0015869141
0.001739502
-0.007171631
-0.0071411133
0.0032653809
0.0032958984
0.0045166016
0.0046691895
-0.0046691895
-0.004638672
-0.004333496
-0.0043029785
0.007537842
0.0076293945
5.493164E-4
5.187988E-4
-0.005340576
-0.0053710938
3.0517578E-5
0.0
0.0052490234
0.005279541
-0.0026550293
-0.0024108887
-0.004180908
-0.0040893555
0.004211426
0.0042419434
0.0025634766
0.0026550293
-0.0047912598
-0.0048217773
-0.0014343262
-0.0014343262
0.005004883
0.0049438477
-0.0013122559
-0.0012512207
-0.0030822754
-0.0031738281
0.0021362305
0.0020751953
0.002319336
0.0021972656
-0.0025634766
-0.0026245117
-5.493164E-4
-6.713867E-4
0.002532959
0.0024108887
-8.239746E-4
-8.239746E-4
-0.002105713
-0.002166748
6.4086914E-4
7.324219E-4
0.0025024414
0.0025939941
-7.6293945E-4
-7.324219E-4
-0.0022888184
-0.0022888184
8.239746E-4
9.460449E-4
0.0023498535
0.0021972656
-0.0018615723
-0.0018920898
-0.002105713
-0.0020446777
0.0035095215
0.0032958984
0.0015258789
0.0015563965
-0.005432129
-0.0054016113
0.0018310547
0.001739502
0.0036010742
0.0037231445
-0.003112793
-0.0031738281
-0.0035095215
-0.0035705566
0.0069274902
0.006866455
-0.0014648438
-0.0016479492
-0.0038452148
-0.0039367676
0.0024108887
0.002380371
0.001953125
0.0019836426
-0.0030517578
-0.0030212402
-4.5776367E-4
-4.272461E-4
0.0036315918
0.0036315918
-0.0016174316
-0.0017089844
-0.0028686523
-0.0029296875
0.002166748
0.002319336
0.0029907227
0.0029296875
-0.0036010742
-0.0036315918
-0.0012207031
-0.0011291504
0.0030212402
0.0031738281
-4.272461E-4
-5.187988E-4
-0.0021362305
-0.0018615723
0.0012817383
0.0014343262
0.0027160645
0.0025634766
-0.0039367676
-0.0038146973
-0.0014648438
-0.0014343262
0.004760742
0.0046691895
-3.3569336E-4
-2.746582E-4
-0.0040283203
-0.0040283203
0.0025024414
0.0025939941
0.001739502
0.0017089844
-0.0034179688
-0.003326416
0.0
9.1552734E-5
0.0035705566
0.0034179688
-0.0014038086
-0.001373291
-0.002380371
-0.0025024414
0.0014953613
0.0014343262
0.0018310547
0.0018920898
-0.0015563965
-0.0015258789
-0.0014648438
-0.0014953613
0.001159668
0.0015563965
0.0016784668
0.0017089844
-0.0015258789
-0.0016479492
-0.0017700195
-0.001953125
0.0025634766
0.0024719238
-1.5258789E-4
-1.5258789E-4
-0.0010681152
-0.0011291504
1.8310547E-4
2.1362305E-4
0.0018920898
0.001739502
-0.0014343262
-0.001373291
-0.0020141602
-0.0018310547
0.0019836426
0.002166748
0.0012207031
0.0012817383
-0.0017700195
-0.0015563965
-0.0010070801
-7.6293945E-4
0.0015258789
0.0016479492
8.8500977E-4
7.019043E-4
-0.0025939941
-0.002532959
2.746582E-4
3.3569336E-4
0.0026550293
0.0028076172
-0.001159668
-0.0012207031
-0.0030822754
-0.0030517578
0.0034484863
0.0031738281
0.0018920898
0.0018310547
-0.0053100586
-0.005340576
0.002105713
0.0021362305
0.003112793
0.0029296875
-0.0036621094
-0.003753662
-4.5776367E-4
-3.0517578E-4
0.0036621094
0.003326416
-0.0015869141
-0.0016174316
-0.001739502
-0.0017700195
0.0016174316
0.001373291
0.0012207031
0.0013122559
-0.0019836426
-0.0020141602
-8.8500977E-4
-8.8500977E-4
0.0034179688
0.0031433105
-0.001159668
-0.0010070801
-0.0019836426
-0.0019836426
0.001739502
0.0015258789
-1.5258789E-4
-3.9672852E-4
5.79834E-4
5.493164E-4
-0.0014343262
-0.0012207031
6.4086914E-4
3.6621094E-4
0.0013122559
0.0014953613
-0.002380371
-0.002319336
6.713867E-4
8.239746E-4
0.0020751953
0.0020751953
-0.0018920898
-0.0020141602
-0.0012207031
-0.001373291
0.0017700195
0.001739502
0.0016784668
0.0017700195
-0.0026245117
-0.0024108887
9.1552734E-5
1.5258789E-4
0.0013122559
0.0012512207
-9.460449E-4
-7.6293945E-4
-9.1552734E-4
-8.544922E-4
0.0020751953
0.0021362305
-3.6621094E-4
-4.272461E-4
-0.0021972656
-0.0022583008
0.0011291504
0.0010375977
0.0022277832
0.0021972656
-0.002105713
-0.002166748
-0.0014953613
-0.0016174316
0.0022583008
0.0024108887
7.324219E-4
7.9345703E-4
-0.0018005371
-0.0019226074
-8.544922E-4
-8.8500977E-4
0.002746582
0.0028076172
-9.765625E-4
-9.460449E-4
-0.0016479492
-0.0016479492
0.0020446777
0.0020446777
-9.1552734E-5
-1.2207031E-4
-0.0022888184
-0.0021972656
0.0014343262
0.001373291
0.0020141602
0.0020751953
-0.0020141602
-0.0020141602
-0.0018005371
-0.0017089844
0.0024414062
0.002319336
5.493164E-4
4.272461E-4
-0.002380371
-0.0025024414
8.239746E-4
8.544922E-4
0.0015563965
0.0016784668
0.0
-6.1035156E-5
-0.0025024414
-0.0025024414
8.8500977E-4
7.9345703E-4
0.0018310547
0.0018615723
-4.8828125E-4
-4.5776367E-4
-0.0025939941
-0.002532959
0.0024108887
0.0024719238
