0.0012817383
0.0012817383
-3.0517578E-4
-3.0517578E-4
-0.005554199
-0.005554199
-0.01473999
-0.01473999
-0.02709961
-0.02709961
-0.03503418
-0.03503418
-0.04360962
-0.04360962
-0.05307007
-0.05307007
-0.062683105
-0.062683105
-0.07043457
-0.07043457
-0.073028564
-0.073028564
-0.075927734
-0.075927734
-0.078125
-0.078125
-0.078704834
-0.078704834
-0.08050537
-0.08050537
-0.08169556
-0.08169556
-0.08358765
-0.08358765
-0.0847168
-0.0847168
-0.085235596
-0.085235596
-0.08557129
-0.08557129
-0.08569336
-0.08569336
-0.08578491
-0.08578491
-0.08654785
-0.08654785
-0.085998535
-0.085998535
-0.08514404
-0.08514404
-0.08544922
-0.08544922
-0.08428955
-0.08428955
-0.083099365
-0.083099365
-0.08306885
-0.08306885
-0.08099365
-0.08099365
-0.078948975
-0.078948975
-0.07696533
-0.07696533
-0.07647705
-0.07647705
-0.074798584
-0.074798584
-0.0708313
-0.0708313
-0.06906128
-0.06906128
-0.067474365
-0.067474365
-0.06491089
-0.06491089
-0.06399536
-0.06399536
-0.06201172
-0.06201172
-0.060302734
-0.060302734
-0.058776855
-0.058776855
-0.058288574
-0.058288574
-0.05618286
-0.05618286
-0.055541992
-0.055541992
-0.055267334
-0.055267334
-0.054138184
-0.054138184
-0.051605225
-0.051605225
-0.04840088
-0.04840088
-0.044281006
-0.044281006
-0.038879395
-0.038879395
-0.033813477
-0.033813477
-0.027374268
-0.027374268
-0.02041626
-0.02041626
-0.010620117
-0.010620117
-2.4414062E-4
-2.4414062E-4
0.013031006
0.013031006
0.026763916
0.026763916
0.04196167
0.04196167
0.05895996
0.05895996
0.07662964
0.07662964
0.09576416
0.09576416
0.99823
0.99823
-0.72961426
-0.72961426
0.9581299
0.9581299
-0.54815674
-0.54815674
0.26046753
0.26046753
-0.0043945312
-0.0043945312
0.8959656
0.8959656
0.6644287
0.6644287
0.54089355
0.54089355
-0.62838745
-0.62838745
0.04119873
0.04119873
0.32781982
0.32781982
0.845459
0.845459
0.47668457
0.47668457
0.3425293
0.3425293
-0.75009155
-0.75009155
-0.6955261
-0.6955261
-0.6672363
-0.6672363
-0.22747803
-0.22747803
-0.4076538
-0.4076538
-0.9911499
-0.9911499
-0.75387573
-0.75387573
-0.71276855
-0.71276855
-0.62820435
-0.62820435
-0.37905884
-0.37905884
-0.48135376
-0.48135376
-0.40274048
-0.40274048
-0.27902222
-0.27902222
-0.3321228
-0.3321228
0.12445068
0.12445068
0.0022888184
0.0022888184
0.2788086
0.2788086
0.23684692
0.23684692
0.3093567
0.3093567
0.3222046
0.3222046
0.32055664
0.32055664
0.29922485
0.29922485
0.37478638
0.37478638
0.21240234
0.21240234
0.27825928
0.27825928
0.27600098
0.27600098
0.2833252
0.2833252
0.25283813
0.25283813
0.27267456
0.27267456
0.2684021
0.2684021
0.24520874
0.24520874
0.22000122
0.22000122
0.256073
0.256073
0.2348938
0.2348938
0.22613525
0.22613525
0.21963501
0.21963501
0.22833252
0.22833252
0.1538086
0.1538086
0.09158325
0.09158325
0.051361084
0.051361084
-0.024810791
-0.024810791
-0.12420654
-0.12420654
-0.21917725
-0.21917725
-0.29071045
-0.29071045
-0.36001587
-0.36001587
-0.43289185
-0.43289185
-0.45913696
-0.45913696
-0.4831848
-0.4831848
-0.4864502
-0.4864502
-0.46878052
-0.46878052
-0.45428467
-0.45428467
-0.39782715
-0.39782715
-0.37545776
-0.37545776
-0.33129883
-0.33129883
-0.27841187
-0.27841187
-0.22601318
-0.22601318
-0.18054199
-0.18054199
-0.14019775
-0.14019775
-0.08517456
-0.08517456
-0.044525146
-0.044525146
-0.008300781
-0.008300781
0.04046631
0.04046631
0.06866455
0.06866455
0.109375
0.109375
0.12805176
0.12805176
0.16290283
0.16290283
0.18081665
0.18081665
0.18856812
0.18856812
0.21466064
0.21466064
0.21755981
0.21755981
0.22714233
0.22714233
0.22219849
0.22219849
0.21697998
0.21697998
0.22180176
0.22180176
0.20574951
0.20574951
0.20288086
0.20288086
0.18829346
0.18829346
0.17602539
0.17602539
0.16769409
0.16769409
0.14208984
0.14208984
0.1279602
0.1279602
0.09906006
0.09906006
0.07913208
0.07913208
0.050445557
0.050445557
0.027740479
0.027740479
1.2207031E-4
1.2207031E-4
-0.027648926
-0.027648926
-0.041381836
-0.041381836
-0.049835205
-0.049835205
-0.06561279
-0.06561279
-0.0798645
-0.0798645
-0.09579468
-0.09579468
-0.102752686
-0.102752686
-0.11218262
-0.11218262
-0.11968994
-0.11968994
-0.12869263
-0.12869263
-0.13296509
-0.13296509
-0.12896729
-0.12896729
-0.13946533
-0.13946533
-0.13308716
-0.13308716
-0.13031006
-0.13031006
-0.12640381
-0.12640381
-0.12109375
-0.12109375
-0.12011719
-0.12011719
-0.1015625
-0.1015625
-0.092803955
-0.092803955
-0.078186035
-0.078186035
-0.06506348
-0.06506348
-0.055999756
-0.055999756
-0.03817749
-0.03817749
-0.025787354
-0.025787354
-0.007171631
-0.007171631
0.007537842
0.007537842
0.026275635
0.026275635
0.04159546
0.04159546
0.051574707
0.051574707
0.07196045
0.07196045
0.078552246
0.078552246
0.0925293
0.0925293
0.10211182
0.10211182
0.10720825
0.10720825
0.11868286
0.11868286
0.11715698
0.11715698
0.1255188
0.1255188
0.12902832
0.12902832
0.1253357
0.1253357
0.13137817
0.13137817
0.121032715
0.121032715
0.11883545
0.11883545
0.11630249
0.11630249
0.105163574
0.105163574
0.10076904
0.10076904
0.084991455
0.084991455
0.075408936
0.075408936
0.06402588
0.06402588
0.049865723
0.049865723
0.039276123
0.039276123
0.01852417
0.01852417
0.0065307617
0.0065307617
-0.011749268
-0.011749268
-0.022979736
-0.022979736
-0.03375244
-0.03375244
-0.050628662
-0.050628662
-0.050842285
-0.050842285
-0.069732666
-0.069732666
-0.07260132
-0.07260132
-0.079589844
-0.079589844
-0.086761475
-0.086761475
-0.084350586
-0.084350586
-0.092163086
-0.092163086
-0.08532715
-0.08532715
-0.08639526
-0.08639526
-0.08627319
-0.08627319
-0.077819824
-0.077819824
-0.07678223
-0.07678223
-0.07034302
-0.07034302
-0.065582275
-0.065582275
-0.054901123
-0.054901123
-0.05078125
-0.05078125
-0.040893555
-0.040893555
-0.031402588
-0.031402588
-0.0289917
-0.0289917
-0.015411377
-0.015411377
-0.007507324
-0.007507324
-1.5258789E-4
-1.5258789E-4
0.010223389
0.010223389
0.01675415
0.01675415
0.02545166
0.02545166
0.032196045
0.032196045
0.04019165
0.04019165
0.047576904
0.047576904
0.05218506
0.05218506
0.05935669
0.05935669
0.05831909
0.05831909
0.0657959
0.0657959
0.065093994
0.065093994
0.0647583
0.0647583
0.06506348
0.06506348
0.061431885
0.061431885
0.05908203
0.05908203
0.054107666
0.054107666
0.049438477
0.049438477
0.044952393
0.044952393
0.034484863
0.034484863
0.031463623
0.031463623
0.024230957
0.024230957
0.016052246
0.016052246
0.009735107
0.009735107
0.0026855469
0.0026855469
-0.0047912598
-0.0047912598
-0.012329102
-0.012329102
-0.016693115
-0.016693115
-0.023345947
-0.023345947
-0.030029297
-0.030029297
-0.03314209
-0.03314209
-0.04006958
-0.04006958
-0.039794922
-0.039794922
-0.045196533
-0.045196533
-0.04925537
-0.04925537
-0.04953003
-0.04953003
-0.05178833
-0.05178833
-0.051361084
-0.051361084
-0.053009033
-0.053009033
-0.050567627
-0.050567627
-0.048950195
-0.048950195
-0.04949951
-0.04949951
-0.045440674
-0.045440674
-0.04208374
-0.04208374
-0.03491211
-0.03491211
-0.033996582
-0.033996582
-0.027832031
-0.027832031
-0.023223877
-0.023223877
-0.01727295
-0.01727295
-0.011016846
-0.011016846
-0.008422852
-0.008422852
-1.8310547E-4
-1.8310547E-4
0.0022277832
0.0022277832
0.00869751
0.00869751
0.013061523
0.013061523
0.016082764
0.016082764
0.018798828
0.018798828
0.022979736
0.022979736
0.024627686
0.024627686
0.028320312
0.028320312
0.024597168
0.024597168
0.028961182
0.028961182
0.029693604
0.029693604
0.026824951
0.026824951
0.028533936
0.028533936
0.024597168
0.024597168
0.027038574
0.027038574
0.023406982
0.023406982
0.02407837
0.02407837
0.022705078
0.022705078
0.018249512
0.018249512
0.019012451
0.019012451
0.01586914
0.01586914
0.012573242
0.012573242
0.010009766
0.010009766
0.006866455
0.006866455
0.0058898926
0.0058898926
0.0024108887
0.0024108887
0.0
0.0
-0.0045776367
-0.0045776367
-0.0066833496
-0.0066833496
-0.009399414
-0.009399414
-0.01260376
-0.01260376
-0.014770508
-0.014770508
-0.017791748
-0.017791748
-0.01828003
-0.01828003
-0.020324707
-0.020324707
-0.020965576
-0.020965576
-0.02178955
-0.02178955
-0.02255249
-0.02255249
-0.020111084
-0.020111084
-0.01940918
-0.01940918
-0.019256592
-0.019256592
-0.01675415
-0.01675415
-0.016815186
-0.016815186
-0.010986328
-0.010986328
-0.010925293
-0.010925293
-0.008392334
-0.008392334
-0.005340576
-0.005340576
-0.0042419434
-0.0042419434
-3.3569336E-4
-3.3569336E-4
-3.3569336E-4
-3.3569336E-4
0.0035095215
0.0035095215
0.0048217773
0.0048217773
0.0060424805
0.0060424805
0.008666992
0.008666992
0.010498047
0.010498047
0.012481689
0.012481689
0.013427734
0.013427734
0.013885498
0.013885498
0.017211914
0.017211914
0.018737793
0.018737793
0.019012451
0.019012451
0.020843506
0.020843506
0.021118164
0.021118164
0.023101807
0.023101807
0.021606445
0.021606445
0.02279663
0.02279663
0.021636963
0.021636963
0.021606445
0.021606445
0.019226074
0.019226074
0.018157959
0.018157959
0.016052246
0.016052246
0.01461792
0.01461792
0.012420654
0.012420654
0.010406494
0.010406494
0.008666992
0.008666992
0.0042419434
0.0042419434
0.0043029785
0.0043029785
0.0024108887
0.0024108887
-0.0017089844
-0.0017089844
-0.001739502
-0.001739502
-0.0051879883
-0.0051879883
-0.006286621
-0.006286621
-0.00680542
-0.00680542
-0.009307861
-0.009307861
-0.009277344
-0.009277344
-0.01071167
-0.01071167
-0.012084961
-0.012084961
-0.010864258
-0.010864258
-0.0140686035
-0.0140686035
-0.012542725
-0.012542725
-0.01361084
-0.01361084
-0.01260376
-0.01260376
-0.013244629
-0.013244629
-0.014404297
-0.014404297
-0.013122559
-0.013122559
-0.012542725
-0.012542725
-0.011566162
-0.011566162
-0.01159668
-0.01159668
-0.010620117
-0.010620117
-0.008850098
-0.008850098
-0.009002686
-0.009002686
-0.0065612793
-0.0065612793
-0.0049743652
-0.0049743652
-0.0034484863
-0.0034484863
-0.003112793
-0.003112793
-0.0023498535
-0.0023498535
0.0015869141
0.0015869141
0.0010070801
0.0010070801
0.0030212402
0.0030212402
0.0026550293
0.0026550293
0.005065918
0.005065918
0.0044555664
0.0044555664
0.0046691895
0.0046691895
0.005065918
0.005065918
0.0051574707
0.0051574707
0.006225586
0.006225586
0.00592041
0.00592041
0.005584717
0.005584717
0.004547119
0.004547119
0.0036621094
0.0036621094
0.004211426
0.004211426
0.0039978027
0.0039978027
0.0025024414
0.0025024414
0.0022888184
0.0022888184
0.0020446777
0.0020446777
7.324219E-4
7.324219E-4
1.8310547E-4
1.8310547E-4
-4.272461E-4
-4.272461E-4
-5.187988E-4
-5.187988E-4
-0.0022583008
-0.0022583008
-0.0017700195
-0.0017700195
-0.003692627
-0.003692627
-0.0032653809
-0.0032653809
-0.004638672
-0.004638672
-0.0069274902
-0.0069274902
-0.006134033
-0.006134033
-0.007385254
-0.007385254
-0.0068969727
-0.0068969727
-0.008453369
-0.008453369
-0.008453369
-0.008453369
-0.007598877
-0.007598877
-0.009094238
-0.009094238
-0.007019043
-0.007019043
-0.008178711
-0.008178711
-0.006378174
-0.006378174
-0.006713867
-0.006713867
-0.005584717
-0.005584717
-0.0039978027
-0.0039978027
-0.0034179688
-0.0034179688
-0.0016174316
-0.0016174316
-0.0016784668
-0.0016784668
-9.765625E-4
-9.765625E-4
6.4086914E-4
6.4086914E-4
9.765625E-4
9.765625E-4
0.001159668
0.001159668
0.0022888184
0.0022888184
0.0028686523
0.0028686523
0.0038146973
0.0038146973
0.0038146973
0.0038146973
0.004638672
0.004638672
0.004211426
0.004211426
0.0041503906
0.0041503906
0.005554199
0.005554199
0.0041503906
0.0041503906
0.0056152344
0.0056152344
0.0049438477
0.0049438477
0.0044555664
0.0044555664
0.0051574707
0.0051574707
0.0045776367
0.0045776367
0.0048828125
0.0048828125
0.0046691895
0.0046691895
0.003753662
0.003753662
0.004180908
0.004180908
0.004699707
0.004699707
0.0038757324
0.0038757324
0.0035705566
0.0035705566
0.002746582
0.002746582
0.0025634766
0.0025634766
0.0016479492
0.0016479492
0.0018310547
0.0018310547
8.8500977E-4
8.8500977E-4
9.1552734E-5
9.1552734E-5
-6.1035156E-5
-6.1035156E-5
-1.8310547E-4
-1.8310547E-4
-4.5776367E-4
-4.5776367E-4
-4.5776367E-4
-4.5776367E-4
-7.019043E-4
-7.019043E-4
-0.0010681152
-0.0010681152
-0.0018005371
-0.0018005371
-0.0012512207
-0.0012512207
-0.0011291504
-0.0011291504
-0.0010986328
-0.0010986328
-6.713867E-4
-6.713867E-4
-5.493164E-4
-5.493164E-4
-4.8828125E-4
-4.8828125E-4
-4.272461E-4
-4.272461E-4
-5.79834E-4
-5.79834E-4
4.8828125E-4
4.8828125E-4
1.2207031E-4
1.2207031E-4
6.713867E-4
6.713867E-4
0.0013427734
0.0013427734
4.272461E-4
4.272461E-4
9.460449E-4
9.460449E-4
0.0015563965
0.0015563965
0.0013122559
0.0013122559
0.0018005371
0.0018005371
0.0014648438
0.0014648438
0.0015869141
0.0015869141
0.002319336
0.002319336
0.0026245117
0.0026245117
0.0025634766
0.0025634766
0.0031433105
0.0031433105
0.0027770996
0.0027770996
0.0032348633
0.0032348633
0.002319336
0.002319336
0.0036621094
0.0036621094
0.003540039
0.003540039
0.0029296875
0.0029296875
0.0032653809
0.0032653809
0.0032348633
0.0032348633
0.0025024414
0.0025024414
0.0020751953
0.0020751953
0.0018920898
0.0018920898
0.002166748
0.002166748
0.0012207031
0.0012207031
8.239746E-4
8.239746E-4
5.493164E-4
5.493164E-4
3.6621094E-4
3.6621094E-4
-7.324219E-4
-7.324219E-4
-7.6293945E-4
-7.6293945E-4
-0.0015869141
-0.0015869141
-0.001373291
-0.001373291
-0.0019836426
-0.0019836426
-0.0022583008
-0.0022583008
-0.0025024414
-0.0025024414
-0.0026550293
-0.0026550293
-0.002105713
-0.002105713
-0.0028686523
-0.0028686523
-0.0025634766
-0.0025634766
-0.002380371
-0.002380371
-0.0030822754
-0.0030822754
-0.002746582
-0.002746582
-0.0024414062
-0.0024414062
-0.0024108887
-0.0024108887
-0.0016784668
-0.0016784668
-0.0024414062
-0.0024414062
-0.0021972656
-0.0021972656
-0.001953125
-0.001953125
-0.001373291
-0.001373291
-0.0019226074
-0.0019226074
-9.460449E-4
-9.460449E-4
-0.0012207031
-0.0012207031
-7.6293945E-4
-7.6293945E-4
-6.1035156E-4
-6.1035156E-4
-3.0517578E-4
-3.0517578E-4
-5.493164E-4
-5.493164E-4
-6.713867E-4
-6.713867E-4
-6.1035156E-5
-6.1035156E-5
-1.5258789E-4
-1.5258789E-4
-9.1552734E-5
-9.1552734E-5
5.79834E-4
5.79834E-4
8.239746E-4
8.239746E-4
3.9672852E-4
3.9672852E-4
7.324219E-4
7.324219E-4
6.1035156E-4
6.1035156E-4
5.493164E-4
5.493164E-4
2.4414062E-4
2.4414062E-4
-5.493164E-4
-5.493164E-4
3.0517578E-4
3.0517578E-4
9.1552734E-5
9.1552734E-5
-2.746582E-4
-2.746582E-4
3.0517578E-5
3.0517578E-5
-3.6621094E-4
-3.6621094E-4
3.6621094E-4
3.6621094E-4
-5.79834E-4
-5.79834E-4
-7.019043E-4
-7.019043E-4
-2.4414062E-4
-2.4414062E-4
-4.8828125E-4
-4.8828125E-4
-6.1035156E-5
-6.1035156E-5
-5.187988E-4
-5.187988E-4
-6.1035156E-4
-6.1035156E-4
-1.2207031E-4
-1.2207031E-4
-6.4086914E-4
-6.4086914E-4
-6.4086914E-4
-6.4086914E-4
-8.8500977E-4
-8.8500977E-4
-0.0010375977
-0.0010375977
-8.8500977E-4
-8.8500977E-4
-0.0014953613
-0.0014953613
-0.0011291504
-0.0011291504
-0.0014648438
-0.0014648438
-0.0014343262
-0.0014343262
-0.0014953613
-0.0014953613
-0.0016174316
-0.0016174316
-0.0015258789
-0.0015258789
-0.0015258789
-0.0015258789
-0.0016479492
-0.0016479492
-0.0015869141
-0.0015869141
-0.0010070801
-0.0010070801
-0.0014648438
-0.0014648438
-0.0014343262
-0.0014343262
-8.239746E-4
-8.239746E-4
-0.0012207031
-0.0012207031
-4.272461E-4
-4.272461E-4
-0.0010375977
-0.0010375977
-7.9345703E-4
-7.9345703E-4
-6.1035156E-4
-6.1035156E-4
-0.0011291504
-0.0011291504
-4.8828125E-4
-4.8828125E-4
-8.544922E-4
-8.544922E-4
-8.544922E-4
-8.544922E-4
-4.8828125E-4
-4.8828125E-4
-9.460449E-4
-9.460449E-4
-4.5776367E-4
-4.5776367E-4
-8.239746E-4
-8.239746E-4
-5.79834E-4
-5.79834E-4
-4.8828125E-4
-4.8828125E-4
-3.3569336E-4
-3.3569336E-4
6.1035156E-5
6.1035156E-5
-5.187988E-4
-5.187988E-4
-3.9672852E-4
-3.9672852E-4
3.0517578E-5
3.0517578E-5
1.5258789E-4
1.5258789E-4
-2.1362305E-4
-2.1362305E-4
-2.4414062E-4
-2.4414062E-4
0.0
0.0
1.2207031E-4
1.2207031E-4
3.0517578E-5
3.0517578E-5
-1.5258789E-4
-1.5258789E-4
2.1362305E-4
2.1362305E-4
-3.9672852E-4
-3.9672852E-4
6.1035156E-5
6.1035156E-5
-2.4414062E-4
-2.4414062E-4
-3.9672852E-4
-3.9672852E-4
-2.4414062E-4
-2.4414062E-4
-4.5776367E-4
-4.5776367E-4
-5.79834E-4
-5.79834E-4
1.5258789E-4
1.5258789E-4
-3.9672852E-4
-3.9672852E-4
6.1035156E-5
6.1035156E-5
-2.4414062E-4
-2.4414062E-4
3.6621094E-4
3.6621094E-4
5.493164E-4
5.493164E-4
4.272461E-4
4.272461E-4
2.4414062E-4
2.4414062E-4
8.8500977E-4
8.8500977E-4
8.239746E-4
8.239746E-4
0.0010986328
0.0010986328
0.0010070801
0.0010070801
0.001159668
0.001159668
0.0010681152
0.0010681152
7.019043E-4
7.019043E-4
0.0015869141
0.0015869141
0.0012207031
0.0012207031
0.0013427734
0.0013427734
0.0012817383
0.0012817383
0.0012512207
0.0012512207
0.0015563965
0.0015563965
0.0017089844
0.0017089844
0.001159668
0.001159668
0.0015869141
0.0015869141
0.0014038086
0.0014038086
0.0016479492
0.0016479492
0.001739502
0.001739502
0.0013427734
0.0013427734
0.0010681152
0.0010681152
0.001159668
0.001159668
0.0014648438
0.0014648438
0.0019836426
0.0019836426
0.0016479492
0.0016479492
0.0013122559
0.0013122559
0.0014953613
0.0014953613
0.0013122559
0.0013122559
0.0016479492
0.0016479492
0.0015258789
0.0015258789
0.0017089844
0.0017089844
0.0014343262
0.0014343262
0.0013122559
0.0013122559
0.0014953613
0.0014953613
0.0014648438
0.0014648438
0.0014038086
0.0014038086
0.0010986328
0.0010986328
0.001373291
0.001373291
0.0012817383
0.0012817383
0.0012512207
0.0012512207
0.0012207031
0.0012207031
0.0010986328
0.0010986328
0.0012512207
0.0012512207
0.0011291504
0.0011291504
8.8500977E-4
8.8500977E-4
0.0012512207
0.0012512207
0.0010681152
0.0010681152
0.001159668
0.001159668
0.0010681152
0.0010681152
7.9345703E-4
7.9345703E-4
9.1552734E-4
9.1552734E-4
8.239746E-4
8.239746E-4
7.6293945E-4
7.6293945E-4
5.79834E-4
5.79834E-4
4.272461E-4
4.272461E-4
3.9672852E-4
3.9672852E-4
2.4414062E-4
2.4414062E-4
3.9672852E-4
3.9672852E-4
1.8310547E-4
1.8310547E-4
-3.0517578E-5
-3.0517578E-5
-3.0517578E-5
-3.0517578E-5
-2.4414062E-4
-2.4414062E-4
1.2207031E-4
1.2207031E-4
-9.1552734E-5
-9.1552734E-5
-1.2207031E-4
-1.2207031E-4
-4.272461E-4
-4.272461E-4
-4.8828125E-4
-4.8828125E-4
-4.272461E-4
-4.272461E-4
-7.9345703E-4
-7.9345703E-4
-6.713867E-4
-6.713867E-4
-4.5776367E-4
-4.5776367E-4
-7.6293945E-4
-7.6293945E-4
-9.460449E-4
-9.460449E-4
-0.0010986328
-0.0010986328
-0.0010986328
-0.0010986328
-9.1552734E-4
-9.1552734E-4
-0.0012207031
-0.0012207031
-0.0010681152
-0.0010681152
-0.0010375977
-0.0010375977
-0.0014343262
-0.0014343262
-0.0011291504
-0.0011291504
-0.0010681152
-0.0010681152
-0.0011901855
-0.0011901855
-0.0011901855
-0.0011901855
-0.0011291504
-0.0011291504
-0.0010986328
-0.0010986328
-0.0011291504
-0.0011291504
-0.0010070801
-0.0010070801
-0.0010070801
-0.0010070801
-0.0011901855
-0.0011901855
-9.1552734E-4
-9.1552734E-4
-8.8500977E-4
-8.8500977E-4
-0.0013427734
-0.0013427734
-0.001159668
-0.001159668
-0.0010070801
-0.0010070801
-0.0010375977
-0.0010375977
-0.0012207031
-0.0012207031
-0.0013122559
-0.0013122559
-0.0010375977
-0.0010375977
-7.324219E-4
-7.324219E-4
-0.001159668
-0.001159668
-0.0010070801
-0.0010070801
-8.239746E-4
-8.239746E-4
-0.001159668
-0.001159668
-7.324219E-4
-7.324219E-4
-6.4086914E-4
-6.4086914E-4
-8.544922E-4
-8.544922E-4
-7.324219E-4
-7.324219E-4
-8.239746E-4
-8.239746E-4
-8.8500977E-4
-8.8500977E-4
-0.0010375977
-0.0010375977
-7.019043E-4
-7.019043E-4
-6.4086914E-4
-6.4086914E-4