0.0
0.0
-0.008880615
-0.008880615
-0.042510986
-0.042510986
-0.07156372
-0.07156372
-0.07891846
-0.07891846
-0.083465576
-0.083465576
-0.08578491
-0.08578491
-0.085998535
-0.085998535
-0.08416748
-0.08416748
-0.07974243
-0.07974243
-0.0730896
-0.0730896
-0.06665039
-0.06665039
-0.0602417
-0.0602417
-0.05722046
-0.05722046
-0.051605225
-0.051605225
-0.03704834
-0.03704834
-0.0121154785
-0.0121154785
0.029541016
0.029541016
0.093322754
0.093322754
0.5383301
0.5383301
0.93374634
0.93374634
-0.62838745
-0.62838745
0.26644897
0.26644897
-0.41085815
-0.41085815
-0.39224243
-0.39224243
-0.64819336
-0.64819336
-0.37368774
-0.37368774
0.11114502
0.11114502
0.3093567
0.3093567
0.31176758
0.31176758
0.2687378
0.2687378
0.27841187
0.27841187
0.24734497
0.24734497
0.20248413
0.20248413
0.07040405
0.07040405
-0.21917725
-0.21917725
-0.45080566
-0.45080566
-0.47161865
-0.47161865
-0.35656738
-0.35656738
-0.20370483
-0.20370483
-0.038116455
-0.038116455
0.09136963
0.09136963
0.18081665
0.18081665
0.22247314
0.22247314
0.21920776
0.21920776
0.18890381
0.18890381
0.1357727
0.1357727
0.047180176
0.047180176
-0.029785156
-0.029785156
-0.0798645
-0.0798645
-0.1133728
-0.1133728
-0.1305542
-0.1305542
-0.12997437
-0.12997437
-0.10739136
-0.10739136
-0.06378174
-0.06378174
-0.0128479
-0.0128479
0.04159546
0.04159546
0.088134766
0.088134766
0.121032715
0.121032715
0.12689209
0.12689209
0.1257019
0.1257019
0.09970093
0.09970093
0.059692383
0.059692383
0.0065307617
0.0065307617
-0.036315918
-0.036315918
-0.06930542
-0.06930542
-0.08505249
-0.08505249
-0.084472656
-0.084472656
-0.06869507
-0.06869507
-0.04272461
-0.04272461
-0.015411377
-0.015411377
0.013122559
0.013122559
0.03970337
0.03970337
0.060058594
0.060058594
0.06591797
0.06591797
0.058441162
0.058441162
0.041107178
0.041107178
0.016052246
0.016052246
-0.006378174
-0.006378174
-0.029174805
-0.029174805
-0.0435791
-0.0435791
-0.05117798
-0.05117798
-0.050994873
-0.050994873
-0.04296875
-0.04296875
-0.027832031
-0.027832031
-0.0095825195
-0.0095825195
0.008392334
0.008392334
0.019958496
0.019958496
0.026184082
0.026184082
0.02645874
0.02645874
0.024749756
0.024749756
0.018249512
0.018249512
0.011566162
0.011566162
0.0025939941
0.0025939941
-0.0079956055
-0.0079956055
-0.015716553
-0.015716553
-0.0211792
-0.0211792
-0.02053833
-0.02053833
-0.016815186
-0.016815186
-0.007385254
-0.007385254
-2.1362305E-4
-2.1362305E-4
0.0063171387
0.0063171387
0.01272583
0.01272583
0.019195557
0.019195557
0.020721436
0.020721436
0.021636963
0.021636963
0.018005371
0.018005371
0.010620117
0.010620117
0.0022277832
0.0022277832
-0.0046691895
-0.0046691895
-0.009490967
-0.009490967
-0.012145996
-0.012145996
-0.01361084
-0.01361084
-0.013336182
-0.013336182
-0.01184082
-0.01184082
-0.008422852
-0.008422852
-0.004058838
-0.004058838
0.0013122559
0.0013122559
0.003753662
0.003753662
0.0051574707
0.0051574707
0.0049438477
0.0049438477
0.003479004
0.003479004
0.0013122559
0.0013122559
-0.0011291504
-0.0011291504
-0.0036315918
-0.0036315918
-0.006011963
-0.006011963
-0.008453369
-0.008453369
-0.008148193
-0.008148193
-0.0064086914
-0.0064086914
-0.0039978027
-0.0039978027
3.9672852E-4
3.9672852E-4
0.0028686523
0.0028686523
0.0032348633
0.0032348633
0.005554199
0.005554199
0.005340576
0.005340576
0.00491333
0.00491333
0.003479004
0.003479004
0.0027160645
0.0027160645
0.0024108887
0.0024108887
5.493164E-4
5.493164E-4
-7.019043E-4
-7.019043E-4
-8.8500977E-4
-8.8500977E-4
-7.6293945E-4
-7.6293945E-4
-5.187988E-4
-5.187988E-4
8.239746E-4
8.239746E-4
0.0015563965
0.0015563965
0.0025024414
0.0025024414
0.0025634766
0.0025634766
0.0036315918
0.0036315918
0.003326416
0.003326416
0.0028686523
0.0028686523
0.0016784668
0.0016784668
0.0
0.0
-0.001739502
-0.001739502
-0.0025024414
-0.0025024414
-0.0026245117
-0.0026245117
-0.0021362305
-0.0021362305
-0.0020141602
-0.0020141602
-0.0019836426
-0.0019836426
-0.0015258789
-0.0015258789
-3.6621094E-4
-3.6621094E-4
-1.5258789E-4
-1.5258789E-4
2.4414062E-4
2.4414062E-4
3.9672852E-4
3.9672852E-4
1.8310547E-4
1.8310547E-4
-2.1362305E-4
-2.1362305E-4
-5.493164E-4
-5.493164E-4
-6.1035156E-4
-6.1035156E-4
-6.4086914E-4
-6.4086914E-4
-7.6293945E-4
-7.6293945E-4
-0.0013427734
-0.0013427734
-0.001373291
-0.001373291
-0.0018615723
-0.0018615723
-0.0016174316
-0.0016174316
-0.0013427734
-0.0013427734
-0.0011291504
-0.0011291504
-7.019043E-4
-7.019043E-4
-7.9345703E-4
-7.9345703E-4
-6.4086914E-4
-6.4086914E-4
1.5258789E-4
1.5258789E-4
-1.2207031E-4
-1.2207031E-4
9.1552734E-5
9.1552734E-5
6.1035156E-5
6.1035156E-5
-3.0517578E-4
-3.0517578E-4
-4.5776367E-4
-4.5776367E-4
3.0517578E-5
3.0517578E-5
0.0013122559
0.0013122559
0.0012207031
0.0012207031
0.0014343262
0.0014343262
0.0012817383
0.0012817383
0.0016784668
0.0016784668
0.0017089844
0.0017089844
0.0014038086
0.0014038086
0.0015563965
0.0015563965
0.0014038086
0.0014038086
0.0015563965
0.0015563965
0.0014648438
0.0014648438
0.0011901855
0.0011901855
0.0012817383
0.0012817383
0.001159668
0.001159668
7.324219E-4
7.324219E-4
9.460449E-4
9.460449E-4
4.5776367E-4
4.5776367E-4
1.8310547E-4
1.8310547E-4
6.1035156E-5
6.1035156E-5
-5.187988E-4
-5.187988E-4
-4.8828125E-4
-4.8828125E-4
-8.8500977E-4
-8.8500977E-4
-0.001159668
-0.001159668
-0.0013427734
-0.0013427734
-0.0011901855
-0.0011901855
-0.0012512207
-0.0012512207
-0.0011901855
-0.0011901855
-9.1552734E-4
-9.1552734E-4
-0.0011291504
-0.0011291504
-8.239746E-4
-8.239746E-4
-8.544922E-4
-8.544922E-4
-8.544922E-4
-8.544922E-4
-7.6293945E-4
-7.6293945E-4
-7.9345703E-4
-7.9345703E-4
-7.019043E-4
-7.019043E-4
-7.6293945E-4
-7.6293945E-4
-5.493164E-4
-5.493164E-4
-6.1035156E-4
-6.1035156E-4
-5.79834E-4
-5.79834E-4
-3.6621094E-4
-3.6621094E-4
-3.6621094E-4
-3.6621094E-4
-3.0517578E-4
-3.0517578E-4
-3.6621094E-4
-3.6621094E-4
-3.0517578E-5
-3.0517578E-5
9.1552734E-5
9.1552734E-5
4.8828125E-4
4.8828125E-4
6.713867E-4
6.713867E-4
4.272461E-4
4.272461E-4
3.3569336E-4
3.3569336E-4
3.3569336E-4
3.3569336E-4
2.1362305E-4
2.1362305E-4
4.272461E-4
4.272461E-4
3.3569336E-4
3.3569336E-4
3.9672852E-4
3.9672852E-4
4.8828125E-4
4.8828125E-4
6.1035156E-4
6.1035156E-4
6.4086914E-4
6.4086914E-4
6.1035156E-4
6.1035156E-4
7.324219E-4
7.324219E-4
6.4086914E-4
6.4086914E-4
8.239746E-4
8.239746E-4
6.1035156E-4
6.1035156E-4
6.713867E-4
6.713867E-4
6.713867E-4
6.713867E-4
4.8828125E-4
4.8828125E-4
4.272461E-4
4.272461E-4
2.746582E-4
2.746582E-4
3.6621094E-4
3.6621094E-4
1.5258789E-4
1.5258789E-4
2.746582E-4
2.746582E-4
4.272461E-4
4.272461E-4
2.746582E-4
2.746582E-4
2.746582E-4
2.746582E-4
9.1552734E-5
9.1552734E-5
9.1552734E-5
9.1552734E-5
-1.5258789E-4
-1.5258789E-4
-2.1362305E-4
-2.1362305E-4
-1.8310547E-4
-1.8310547E-4
-4.8828125E-4
-4.8828125E-4
-4.8828125E-4
-4.8828125E-4
-7.324219E-4
-7.324219E-4
-5.187988E-4
-5.187988E-4
-5.79834E-4
-5.79834E-4
-6.4086914E-4
-6.4086914E-4
-5.187988E-4
-5.187988E-4
-5.493164E-4
-5.493164E-4
-4.272461E-4
-4.272461E-4
-2.746582E-4
-2.746582E-4
-1.8310547E-4
-1.8310547E-4
-2.1362305E-4
-2.1362305E-4
-2.746582E-4
-2.746582E-4
-1.8310547E-4
-1.8310547E-4
-1.5258789E-4
-1.5258789E-4
-1.5258789E-4
-1.5258789E-4
-1.2207031E-4
-1.2207031E-4
-1.2207031E-4
-1.2207031E-4
-1.2207031E-4
-1.2207031E-4
-3.0517578E-5
-3.0517578E-5
-9.1552734E-5
-9.1552734E-5
-6.1035156E-5
-6.1035156E-5
3.0517578E-5
3.0517578E-5
1.8310547E-4
1.8310547E-4
6.1035156E-5
6.1035156E-5
2.1362305E-4
2.1362305E-4
1.5258789E-4
1.5258789E-4
1.8310547E-4
1.8310547E-4
2.4414062E-4
2.4414062E-4
3.0517578E-4
3.0517578E-4
9.1552734E-5
9.1552734E-5
3.3569336E-4
3.3569336E-4
1.5258789E-4
1.5258789E-4
1.8310547E-4
1.8310547E-4
6.1035156E-5
6.1035156E-5
1.5258789E-4
1.5258789E-4
3.0517578E-5
3.0517578E-5
2.1362305E-4
2.1362305E-4
9.1552734E-5
9.1552734E-5
1.2207031E-4
1.2207031E-4
3.0517578E-5
3.0517578E-5
9.1552734E-5
9.1552734E-5
1.8310547E-4
1.8310547E-4
6.1035156E-5
6.1035156E-5
9.1552734E-5
9.1552734E-5
-9.1552734E-5
-9.1552734E-5
-6.1035156E-5
-6.1035156E-5
-2.4414062E-4
-2.4414062E-4
-2.746582E-4
-2.746582E-4
-3.6621094E-4
-3.6621094E-4
-1.8310547E-4
-1.8310547E-4
-4.5776367E-4
-4.5776367E-4
-4.272461E-4
-4.272461E-4
-3.6621094E-4
-3.6621094E-4
-3.0517578E-4
-3.0517578E-4
-2.746582E-4
-2.746582E-4
-1.8310547E-4
-1.8310547E-4
-2.4414062E-4
-2.4414062E-4
-1.8310547E-4
-1.8310547E-4
-1.8310547E-4
-1.8310547E-4
0.0
0.0
-3.0517578E-5
-3.0517578E-5
1.2207031E-4
1.2207031E-4
9.1552734E-5
9.1552734E-5
1.8310547E-4
1.8310547E-4
2.1362305E-4
2.1362305E-4
3.6621094E-4
3.6621094E-4
3.0517578E-4
3.0517578E-4
4.272461E-4
4.272461E-4
4.272461E-4
4.272461E-4
4.272461E-4
4.272461E-4
3.9672852E-4
3.9672852E-4
5.493164E-4
5.493164E-4
5.493164E-4
5.493164E-4
4.272461E-4
4.272461E-4
3.9672852E-4
3.9672852E-4
4.5776367E-4
4.5776367E-4
2.4414062E-4
2.4414062E-4
1.5258789E-4
1.5258789E-4
1.5258789E-4
1.5258789E-4
0.0
0.0
0.0
0.0
-6.1035156E-5
-6.1035156E-5
-6.1035156E-5
-6.1035156E-5
-1.8310547E-4
-1.8310547E-4
-1.5258789E-4
-1.5258789E-4
-2.746582E-4
-2.746582E-4
-2.746582E-4
-2.746582E-4
-2.4414062E-4
-2.4414062E-4
-2.4414062E-4
-2.4414062E-4
-4.272461E-4
-4.272461E-4
-3.6621094E-4
-3.6621094E-4
-3.3569336E-4
-3.3569336E-4
-3.0517578E-4
-3.0517578E-4
-1.8310547E-4
-1.8310547E-4
-2.1362305E-4
-2.1362305E-4
-1.5258789E-4
-1.5258789E-4
-2.1362305E-4
-2.1362305E-4
-2.4414062E-4
-2.4414062E-4
-1.8310547E-4
-1.8310547E-4
-6.1035156E-5
-6.1035156E-5
-6.1035156E-5
-6.1035156E-5
-6.1035156E-5
-6.1035156E-5
-6.1035156E-5
-6.1035156E-5
9.1552734E-5
9.1552734E-5
-3.0517578E-5
-3.0517578E-5
0.0
0.0
9.1552734E-5
9.1552734E-5
1.5258789E-4
1.5258789E-4
1.2207031E-4
1.2207031E-4
1.8310547E-4
1.8310547E-4
9.1552734E-5
9.1552734E-5
9.1552734E-5
9.1552734E-5
3.0517578E-5
3.0517578E-5
9.1552734E-5
9.1552734E-5
1.2207031E-4
1.2207031E-4
9.1552734E-5
9.1552734E-5
9.1552734E-5
9.1552734E-5
6.1035156E-5
6.1035156E-5
1.2207031E-4
1.2207031E-4
3.0517578E-5
3.0517578E-5
6.1035156E-5
6.1035156E-5
3.0517578E-5
3.0517578E-5
9.1552734E-5
9.1552734E-5
1.2207031E-4
1.2207031E-4
6.1035156E-5
6.1035156E-5
0.0
0.0
-9.1552734E-5
-9.1552734E-5
0.0
0.0
-6.1035156E-5
-6.1035156E-5
0.0
0.0
-6.1035156E-5
-6.1035156E-5
-3.0517578E-5
-3.0517578E-5
-6.1035156E-5
-6.1035156E-5
-6.1035156E-5
-6.1035156E-5
-6.1035156E-5
-6.1035156E-5
0.0
0.0
3.0517578E-5
3.0517578E-5
0.0
0.0
-3.0517578E-5
-3.0517578E-5
0.0
0.0
-3.0517578E-5
-3.0517578E-5
0.0
0.0
-6.1035156E-5
-6.1035156E-5
-6.1035156E-5
-6.1035156E-5
0.0
0.0
-3.0517578E-5
-3.0517578E-5
0.0
0.0
0.0
0.0
-6.1035156E-5
-6.1035156E-5
3.0517578E-5
3.0517578E-5
6.1035156E-5
6.1035156E-5
3.0517578E-5
3.0517578E-5
3.0517578E-5
3.0517578E-5
0.0
0.0
3.0517578E-5
3.0517578E-5
3.0517578E-5
3.0517578E-5
3.0517578E-5
3.0517578E-5
0.0
0.0
0.0
0.0
3.0517578E-5
3.0517578E-5
-3.0517578E-5
-3.0517578E-5
0.0
0.0
3.0517578E-5
3.0517578E-5
-3.0517578E-5
-3.0517578E-5
0.0
0.0
0.0
0.0
-3.0517578E-5
-3.0517578E-5
-3.0517578E-5
-3.0517578E-5
-3.0517578E-5
-3.0517578E-5
-6.1035156E-5
-6.1035156E-5
-6.1035156E-5
-6.1035156E-5
-3.0517578E-5
-3.0517578E-5
-3.0517578E-5
-3.0517578E-5
-6.1035156E-5
-6.1035156E-5
-6.1035156E-5
-6.1035156E-5
-3.0517578E-5
-3.0517578E-5
-6.1035156E-5
-6.1035156E-5
0.0
0.0
0.0
0.0
3.0517578E-5
3.0517578E-5
3.0517578E-5
3.0517578E-5
6.1035156E-5
6.1035156E-5
6.1035156E-5
6.1035156E-5
6.1035156E-5
6.1035156E-5
9.1552734E-5
9.1552734E-5
9.1552734E-5
9.1552734E-5
3.0517578E-5
3.0517578E-5
0.0
0.0
3.0517578E-5
3.0517578E-5
0.0
0.0
0.0
0.0
0.0
0.0
0.0
0.0
0.0
0.0
0.0
0.0
0.0
0.0
3.0517578E-5
3.0517578E-5
0.0
0.0
-3.0517578E-5
-3.0517578E-5
-3.0517578E-5
-3.0517578E-5
-3.0517578E-5
-3.0517578E-5
0.0
0.0
-3.0517578E-5
-3.0517578E-5
0.0
0.0
-3.0517578E-5
-3.0517578E-5
-3.0517578E-5
-3.0517578E-5
-3.0517578E-5
-3.0517578E-5
-3.0517578E-5
-3.0517578E-5
0.0
0.0
0.0
0.0
0.0
0.0
0.0
0.0
0.0
0.0
0.0
0.0
0.0
0.0
0.0
0.0
-3.0517578E-5
-3.0517578E-5
-3.0517578E-5
-3.0517578E-5
-3.0517578E-5
-3.0517578E-5
0.0
0.0
-3.0517578E-5
-3.0517578E-5
0.0
0.0
0.0
0.0
0.0
0.0
0.0
0.0
0.0
0.0
0.0
0.0
0.0
0.0
0.0
0.0
3.0517578E-5
3.0517578E-5
3.0517578E-5
3.0517578E-5
0.0
0.0
3.0517578E-5
3.0517578E-5
0.0
0.0
0.0
0.0
0.0
0.0
0.0
0.0
0.0
0.0
0.0
0.0
0.0
0.0
0.0
0.0
0.0
0.0
0.0
0.0
0.0
0.0
0.0
0.0
0.0
0.0
0.0
0.0
0.0
0.0
0.0
0.0
0.0
0.0
0.0
0.0
0.0
0.0
0.0
0.0
0.0
0.0
0.0
0.0
0.0
0.0
0.0
0.0
0.0
0.0
0.0
0.0
0.0
0.0
