0.0
0.0
0.0010375977
0.0010375977
0.0012207031
0.0012207031
2.746582E-4
2.746582E-4
-0.0019226074
-0.0019226074
-0.005554199
-0.005554199
-0.010375977
-0.010375977
-0.016937256
-0.016937256
-0.024871826
-0.024871826
-0.030303955
-0.030303955
-0.03503418
-0.03503418
-0.040252686
-0.040252686
-0.04547119
-0.04547119
-0.050933838
-0.050933838
-0.056762695
-0.056762695
-0.062683105
-0.062683105
-0.06890869
-0.06890869
-0.07110596
-0.07110596
-0.072387695
-0.072387695
-0.07489014
-0.07489014
-0.075927734
-0.075927734
-0.0765686
-0.0765686
-0.07797241
-0.07797241
-0.07904053
-0.07904053
-0.0803833
-0.0803833
-0.08050537
-0.08050537
-0.081848145
-0.081848145
-0.08291626
-0.08291626
-0.08300781
-0.08300781
-0.08358765
-0.08358765
-0.0847168
-0.0847168
-0.08477783
-0.08477783
-0.085357666
-0.085357666
-0.08572388
-0.08572388
-0.085754395
-0.085754395
-0.08569336
-0.08569336
-0.0864563
-0.0864563
-0.08633423
-0.08633423
-0.08633423
-0.08633423
-0.0864563
-0.0864563
-0.085998535
-0.085998535
-0.08572388
-0.08572388
-0.085632324
-0.085632324
-0.084991455
-0.084991455
-0.08456421
-0.08456421
-0.08428955
-0.08428955
-0.08404541
-0.08404541
-0.08258057
-0.08258057
-0.083099365
-0.083099365
-0.0814209
-0.0814209
-0.08099365
-0.08099365
-0.08004761
-0.08004761
-0.07928467
-0.07928467
-0.077697754
-0.077697754
-0.07650757
-0.07650757
-0.07647705
-0.07647705
-0.074157715
-0.074157715
-0.07366943
-0.07366943
-0.07168579
-0.07168579
-0.07244873
-0.07244873
-0.06906128
-0.06906128
-0.06869507
-0.06869507
-0.06640625
-0.06640625
-0.06600952
-0.06600952
-0.063964844
-0.063964844
-0.06399536
-0.06399536
-0.06112671
-0.06112671
-0.061706543
-0.061706543
-0.06011963
-0.06011963
-0.06036377
-0.06036377
-0.058776855
-0.058776855
-0.057678223
-0.057678223
-0.057861328
-0.057861328
-0.056762695
-0.056762695
-0.056671143
-0.056671143
-0.055541992
-0.055541992
-0.055633545
-0.055633545
-0.054748535
-0.054748535
-0.054016113
-0.054016113
-0.051513672
-0.051513672
-0.051605225
-0.051605225
-0.04849243
-0.04849243
-0.048034668
-0.048034668
-0.04449463
-0.04449463
-0.042419434
-0.042419434
-0.038879395
-0.038879395
-0.036346436
-0.036346436
-0.032836914
-0.032836914
-0.028503418
-0.028503418
-0.02407837
-0.02407837
-0.02041626
-0.02041626
-0.013824463
-0.013824463
-0.008361816
-0.008361816
-0.0010070801
-0.0010070801
0.0059509277
0.0059509277
0.013031006
0.013031006
0.02142334
0.02142334
0.028717041
0.028717041
0.0390625
0.0390625
0.048461914
0.048461914
0.05895996
0.05895996
0.07006836
0.07006836
0.08114624
0.08114624
0.092926025
0.092926025
0.08584595
0.08584595
0.99823
0.99823
0.8025818
0.8025818
0.7382202
0.7382202
0.9239807
0.9239807
-0.9545288
-0.9545288
-0.54815674
-0.54815674
0.946167
0.946167
0.15457153
0.15457153
-0.9833374
-0.9833374
0.9008179
0.9008179
0.8959656
0.8959656
-0.14770508
-0.14770508
0.32476807
0.32476807
0.64108276
0.64108276
0.51474
0.51474
-0.62838745
-0.62838745
-0.21560669
-0.21560669
-0.20166016
-0.20166016
0.433136
0.433136
0.66171265
0.66171265
0.845459
0.845459
0.16812134
0.16812134
0.88946533
0.88946533
0.36209106
0.36209106
-0.17037964
-0.17037964
-0.75009155
-0.75009155
-0.07418823
-0.07418823
-0.7944641
-0.7944641
-0.88601685
-0.88601685
-0.5397644
-0.5397644
-0.22747803
-0.22747803
-0.64920044
-0.64920044
-0.38000488
-0.38000488
-0.8793335
-0.8793335
-0.894104
-0.894104
-0.75387573
-0.75387573
-0.7126465
-0.7126465
-0.81137085
-0.81137085
-0.62060547
-0.62060547
-0.400177
-0.400177
-0.37905884
-0.37905884
-0.52352905
-0.52352905
-0.53460693
-0.53460693
-0.40048218
-0.40048218
-0.26870728
-0.26870728
-0.27902222
-0.27902222
-0.32696533
-0.32696533
-0.20959473
-0.20959473
0.04925537
0.04925537
0.093688965
0.093688965
0.0022888184
0.0022888184
0.13415527
0.13415527
0.27954102
0.27954102
0.2059021
0.2059021
0.22491455
0.22491455
0.3093567
0.3093567
0.3847351
0.3847351
0.29592896
0.29592896
0.2999878
0.2999878
0.2703247
0.2703247
0.29922485
0.29922485
0.34020996
0.34020996
0.36575317
0.36575317
0.23480225
0.23480225
0.2507019
0.2507019
0.27825928
0.27825928
0.26672363
0.26672363
0.27514648
0.27514648
0.27838135
0.27838135
0.27700806
0.27700806
0.25283813
0.25283813
0.25109863
0.25109863
0.2772827
0.2772827
0.256073
0.256073
0.27407837
0.27407837
0.24520874
0.24520874
0.24761963
0.24761963
0.20663452
0.20663452
0.25250244
0.25250244
0.2581482
0.2581482
0.2348938
0.2348938
0.2420044
0.2420044
0.21609497
0.21609497
0.21691895
0.21691895
0.19329834
0.19329834
0.22833252
0.22833252
0.17141724
0.17141724
0.16027832
0.16027832
0.11608887
0.11608887
0.07992554
0.07992554
0.051361084
0.051361084
0.02420044
0.02420044
-0.04953003
-0.04953003
-0.08016968
-0.08016968
-0.15298462
-0.15298462
-0.21917725
-0.21917725
-0.2671814
-0.2671814
-0.31207275
-0.31207275
-0.34924316
-0.34924316
-0.39016724
-0.39016724
-0.43289185
-0.43289185
-0.46237183
-0.46237183
-0.4653015
-0.4653015
-0.48962402
-0.48962402
-0.47070312
-0.47070312
-0.4864502
-0.4864502
-0.48538208
-0.48538208
-0.47113037
-0.47113037
-0.4505005
-0.4505005
-0.43597412
-0.43597412
-0.39782715
-0.39782715
-0.39309692
-0.39309692
-0.36193848
-0.36193848
-0.33953857
-0.33953857
-0.31002808
-0.31002808
-0.27841187
-0.27841187
-0.24133301
-0.24133301
-0.21850586
-0.21850586
-0.19796753
-0.19796753
-0.16708374
-0.16708374
-0.14019775
-0.14019775
-0.10385132
-0.10385132
-0.07858276
-0.07858276
-0.05517578
-0.05517578
-0.028442383
-0.028442383
-0.008300781
-0.008300781
0.01473999
0.01473999
0.04837036
0.04837036
0.0652771
0.0652771
0.08459473
0.08459473
0.109375
0.109375
0.12036133
0.12036133
0.1352539
0.1352539
0.15899658
0.15899658
0.16757202
0.16757202
0.18081665
0.18081665
0.19277954
0.19277954
0.19177246
0.19177246
0.20968628
0.20968628
0.2131958
0.2131958
0.21755981
0.21755981
0.22561646
0.22561646
0.22543335
0.22543335
0.21713257
0.21713257
0.22601318
0.22601318
0.21697998
0.21697998
0.21768188
0.21768188
0.22241211
0.22241211
0.20614624
0.20614624
0.20303345
0.20303345
0.20288086
0.20288086
0.19088745
0.19088745
0.18927002
0.18927002
0.18450928
0.18450928
0.1694336
0.1694336
0.16769409
0.16769409
0.15408325
0.15408325
0.13842773
0.13842773
0.13296509
0.13296509
0.11715698
0.11715698
0.09906006
0.09906006
0.09033203
0.09033203
0.066589355
0.066589355
0.04977417
0.04977417
0.0446167
0.0446167
0.027740479
0.027740479
0.007873535
0.007873535
-0.0043640137
-0.0043640137
-0.02319336
-0.02319336
-0.0262146
-0.0262146
-0.041381836
-0.041381836
-0.0501709
-0.0501709
-0.052947998
-0.052947998
-0.06109619
-0.06109619
-0.07165527
-0.07165527
-0.0798645
-0.0798645
-0.09725952
-0.09725952
-0.09310913
-0.09310913
-0.09838867
-0.09838867
-0.11306763
-0.11306763
-0.11218262
-0.11218262
-0.11532593
-0.11532593
-0.12414551
-0.12414551
-0.13140869
-0.13140869
-0.1265564
-0.1265564
-0.13296509
-0.13296509
-0.13052368
-0.13052368
-0.1300354
-0.1300354
-0.143219
-0.143219
-0.13153076
-0.13153076
-0.13308716
-0.13308716
-0.13833618
-0.13833618
-0.12893677
-0.12893677
-0.12765503
-0.12765503
-0.13012695
-0.13012695
-0.12109375
-0.12109375
-0.118774414
-0.118774414
-0.11355591
-0.11355591
-0.10467529
-0.10467529
-0.099853516
-0.099853516
-0.092803955
-0.092803955
-0.08303833
-0.08303833
-0.07925415
-0.07925415
-0.0687561
-0.0687561
-0.056884766
-0.056884766
-0.055999756
-0.055999756
-0.044891357
-0.044891357
-0.033294678
-0.033294678
-0.031921387
-0.031921387
-0.017730713
-0.017730713
-0.007171631
-0.007171631
-0.0028686523
-0.0028686523
0.011962891
0.011962891
0.021820068
0.021820068
0.030761719
0.030761719
0.04159546
0.04159546
0.046661377
0.046661377
0.058380127
0.058380127
0.06832886
0.06832886
0.07199097
0.07199097
0.078552246
0.078552246
0.08847046
0.08847046
0.09439087
0.09439087
0.09744263
0.09744263
0.10571289
0.10571289
0.10720825
0.10720825
0.11584473
0.11584473
0.11706543
0.11706543
0.11764526
0.11764526
0.122558594
0.122558594
0.1255188
0.1255188
0.12423706
0.12423706
0.12863159
0.12863159
0.123413086
0.123413086
0.12939453
0.12939453
0.13137817
0.13137817
0.1199646
0.1199646
0.123413086
0.123413086
0.12472534
0.12472534
0.11557007
0.11557007
0.11630249
0.11630249
0.1083374
0.1083374
0.09951782
0.09951782
0.103759766
0.103759766
0.09579468
0.09579468
0.084991455
0.084991455
0.08117676
0.08117676
0.074523926
0.074523926
0.063964844
0.063964844
0.060058594
0.060058594
0.049865723
0.049865723
0.041992188
0.041992188
0.034729004
0.034729004
0.025238037
0.025238037
0.013885498
0.013885498
0.0065307617
0.0065307617
-0.00592041
-0.00592041
-0.008880615
-0.008880615
-0.019744873
-0.019744873
-0.030273438
-0.030273438
-0.03375244
-0.03375244
-0.04046631
-0.04046631
-0.053741455
-0.053741455
-0.05429077
-0.05429077
-0.0602417
-0.0602417
-0.069732666
-0.069732666
-0.066711426
-0.066711426
-0.07803345
-0.07803345
-0.08258057
-0.08258057
-0.078308105
-0.078308105
-0.086761475
-0.086761475
-0.08569336
-0.08569336
-0.08480835
-0.08480835
-0.091156006
-0.091156006
-0.08996582
-0.08996582
-0.08532715
-0.08532715
-0.09063721
-0.09063721
-0.083221436
-0.083221436
-0.085632324
-0.085632324
-0.08312988
-0.08312988
-0.077819824
-0.077819824
-0.0786438
-0.0786438
-0.075286865
-0.075286865
-0.07098389
-0.07098389
-0.06716919
-0.06716919
-0.065582275
-0.065582275
-0.059631348
-0.059631348
-0.054901123
-0.054901123
-0.052978516
-0.052978516
-0.04385376
-0.04385376
-0.040893555
-0.040893555
-0.039245605
-0.039245605
-0.028564453
-0.028564453
-0.030670166
-0.030670166
-0.021972656
-0.021972656
-0.015411377
-0.015411377
-0.013671875
-0.013671875
-0.005493164
-0.005493164
-7.324219E-4
-7.324219E-4
9.460449E-4
9.460449E-4
0.010223389
0.010223389
0.013885498
0.013885498
0.01928711
0.01928711
0.024383545
0.024383545
0.02670288
0.02670288
0.032196045
0.032196045
0.039215088
0.039215088
0.03982544
0.03982544
0.044158936
0.044158936
0.05178833
0.05178833
0.05218506
0.05218506
0.05407715
0.05407715
0.060302734
0.060302734
0.05770874
0.05770874
0.06347656
0.06347656
0.0657959
0.0657959
0.0630188
0.0630188
0.066589355
0.066589355
0.06539917
0.06539917
0.06427002
0.06427002
0.06506348
0.06506348
0.064208984
0.064208984
0.061309814
0.061309814
0.060424805
0.060424805
0.0574646
0.0574646
0.054107666
0.054107666
0.052947998
0.052947998
0.04699707
0.04699707
0.04650879
0.04650879
0.04333496
0.04333496
0.034484863
0.034484863
0.0357666
0.0357666
0.0284729
0.0284729
0.02508545
0.02508545
0.02154541
0.02154541
0.016052246
0.016052246
0.012420654
0.012420654
0.008361816
0.008361816
0.0043945312
0.0043945312
-6.713867E-4
-6.713867E-4
-0.0047912598
-0.0047912598
-0.0075683594
-0.0075683594
-0.013031006
-0.013031006
-0.017150879
-0.017150879
-0.019744873
-0.019744873
-0.023345947
-0.023345947
-0.02670288
-0.02670288
-0.03060913
-0.03060913
-0.03149414
-0.03149414
-0.035858154
-0.035858154
-0.04006958
-0.04006958
-0.03845215
-0.03845215
-0.042175293
-0.042175293
-0.045196533
-0.045196533
-0.04449463
-0.04449463
-0.04925537
-0.04925537
-0.049041748
-0.049041748
-0.049835205
-0.049835205
-0.05142212
-0.05142212
-0.05218506
-0.05218506
-0.051361084
-0.051361084
-0.05307007
-0.05307007
-0.052490234
-0.052490234
-0.051208496
-0.051208496
-0.052215576
-0.052215576
-0.048950195
-0.048950195
-0.047821045
-0.047821045
-0.048858643
-0.048858643
-0.045776367
-0.045776367
-0.043640137
-0.043640137
-0.04208374
-0.04208374
-0.038726807
-0.038726807
-0.03555298
-0.03555298
-0.036132812
-0.036132812
-0.029907227
-0.029907227
-0.027832031
-0.027832031
-0.024536133
-0.024536133
-0.022064209
-0.022064209
-0.017089844
-0.017089844
-0.017333984
-0.017333984
-0.011016846
-0.011016846
-0.009979248
-0.009979248
-0.0057373047
-0.0057373047
1.8310547E-4
1.8310547E-4
2.1362305E-4
2.1362305E-4
0.0022277832
0.0022277832
0.0076293945
0.0076293945
0.009277344
0.009277344
0.011474609
0.011474609
0.014526367
0.014526367
0.016082764
0.016082764
0.019195557
0.019195557
0.019500732
0.019500732
0.022918701
0.022918701
0.021850586
0.021850586
0.024627686
0.024627686
0.024902344
0.024902344
0.028747559
0.028747559
0.025543213
0.025543213
0.028137207
0.028137207
0.028961182
0.028961182
0.027008057
0.027008057
0.0289917
0.0289917
0.027618408
0.027618408
0.026306152
0.026306152
0.028533936
0.028533936
0.02722168
0.02722168
0.025299072
0.025299072
0.027618408
0.027618408
0.024658203
0.024658203
0.023406982
0.023406982
0.024017334
0.024017334
0.021728516
0.021728516
0.021942139
0.021942139
0.022949219
0.022949219
0.018249512
0.018249512
0.01940918
0.01940918
0.018341064
0.018341064
0.015533447
0.015533447
0.014434814
0.014434814
0.012573242
0.012573242
0.011474609
0.011474609
0.0105896
0.0105896
0.008270264
0.008270264
0.005340576
0.005340576
0.0058898926
0.0058898926
0.0032348633
0.0032348633
0.0019226074
0.0019226074
-8.239746E-4
-8.239746E-4
-0.0011901855
-0.0011901855
-0.0045776367
-0.0045776367
-0.0054016113
-0.0054016113
-0.007843018
-0.007843018
-0.008331299
-0.008331299
-0.011688232
-0.011688232
-0.01260376
-0.01260376
-0.013641357
-0.013641357
-0.015045166
-0.015045166
-0.01638794
-0.01638794
-0.017730713
-0.017730713
-0.01828003
-0.01828003
-0.01953125
-0.01953125
-0.02142334
-0.02142334
-0.0206604
-0.0206604
-0.021331787
-0.021331787
-0.02178955
-0.02178955
-0.020904541
-0.020904541
-0.022613525
-0.022613525
-0.019439697
-0.019439697
-0.0211792
-0.0211792
-0.01940918
-0.01940918
-0.018096924
-0.018096924
-0.018432617
-0.018432617
-0.018188477
-0.018188477
-0.014129639
-0.014129639
-0.016815186
-0.016815186
-0.015136719
-0.015136719
-0.011016846
-0.011016846
-0.011932373
-0.011932373
-0.009429932
-0.009429932
-0.008392334
-0.008392334
-0.007019043
-0.007019043
-0.0046081543
-0.0046081543
-0.004119873
-0.004119873
-0.004547119
-0.004547119
-3.3569336E-4
-3.3569336E-4
2.746582E-4
2.746582E-4
3.0517578E-4
3.0517578E-4
0.0031433105
0.0031433105
0.0029296875
0.0029296875
0.0048217773
0.0048217773
0.0065307617
0.0065307617
0.0059814453
0.0059814453
0.009460449
0.009460449
0.008148193
0.008148193
0.010498047
0.010498047
0.0113220215
0.0113220215
0.012329102
0.012329102
0.012542725
0.012542725
0.015075684
0.015075684
0.013885498
0.013885498
0.016784668
0.016784668
0.017791748
0.017791748
0.01828003
0.01828003
0.020141602
0.020141602
0.019012451
0.019012451
0.020843506
0.020843506
0.020721436
0.020721436
0.02166748
0.02166748
0.020935059
0.020935059
0.023101807
0.023101807
0.022583008
0.022583008
0.02130127
0.02130127
0.022521973
0.022521973
0.02218628
0.02218628
0.021636963
0.021636963
0.020599365
0.020599365
0.02154541
0.02154541
0.018859863
0.018859863
0.01928711
0.01928711
0.018157959
0.018157959
0.018096924
0.018096924
0.015655518
0.015655518
0.014862061
0.014862061
0.014373779
0.014373779
0.012420654
0.012420654
0.010803223
0.010803223
0.010040283
0.010040283
0.00881958
0.00881958
0.007080078
0.007080078
0.0042419434
0.0042419434
0.005218506
0.005218506
0.0030822754
0.0030822754
0.0014343262
0.0014343262
0.0013427734
0.0013427734
-0.0017089844
-0.0017089844
-0.0016174316
-0.0016174316
-0.0024414062
-0.0024414062
-0.004699707
-0.004699707
-0.004699707
-0.004699707
-0.006286621
-0.006286621
-0.0074768066
-0.0074768066
-0.006713867
-0.006713867
-0.009399414
-0.009399414
-0.008911133
-0.008911133
-0.009277344
-0.009277344
-0.011291504
-0.011291504
-0.010437012
-0.010437012
-0.011657715
-0.011657715
-0.012237549
-0.012237549
-0.010864258
-0.010864258
-0.013427734
-0.013427734
-0.0134887695
-0.0134887695
-0.012390137
-0.012390137
-0.014373779
-0.014373779
-0.01361084
-0.01361084
-0.013793945
-0.013793945
-0.013214111
-0.013214111
-0.014099121
-0.014099121
-0.012786865
-0.012786865
-0.014404297
-0.014404297
-0.012969971
-0.012969971
-0.0132751465
-0.0132751465
-0.012420654
-0.012420654
-0.0132751465
-0.0132751465
-0.011566162
-0.011566162
-0.0126953125
-0.0126953125
-0.010925293
-0.010925293
-0.010925293
-0.010925293
-0.010070801
-0.010070801
-0.008850098
-0.008850098
-0.008544922
-0.008544922
-0.008972168
-0.008972168
-0.007080078
-0.007080078
-0.007293701
-0.007293701
-0.0049743652
-0.0049743652
-0.0043640137
-0.0043640137
-0.003753662
-0.003753662
-0.004180908
-0.004180908
-0.0010986328
-0.0010986328
-0.0023498535
-0.0023498535
-1.2207031E-4
-1.2207031E-4
0.0016479492
0.0016479492
9.1552734E-4
9.1552734E-4
0.0021972656
0.0021972656
0.0030212402
0.0030212402
0.0035705566
0.0035705566
0.0032348633
0.0032348633
0.004760742
0.004760742
0.0038146973
0.0038146973
0.0044555664
0.0044555664
0.0042419434
0.0042419434
0.005554199
0.005554199
0.0058288574
0.0058288574
0.006225586
0.006225586
0.0051574707
0.0051574707
0.005432129
0.005432129
0.00579834
0.00579834
0.0056152344
0.0056152344
0.0049438477
0.0049438477
0.005584717
0.005584717
0.004699707
0.004699707
0.0054016113
0.0054016113
0.0034484863
0.0034484863
0.0045776367
0.0045776367
0.004211426
0.004211426
0.0027160645
0.0027160645
0.003753662
0.003753662
0.00289917
0.00289917
0.002380371
0.002380371
0.0022888184
0.0022888184
0.0010986328
0.0010986328
0.0014953613
0.0014953613
0.0010986328
0.0010986328
4.5776367E-4
4.5776367E-4
1.8310547E-4
1.8310547E-4
-1.5258789E-4
-1.5258789E-4
-2.4414062E-4
-2.4414062E-4
-0.0010070801
-0.0010070801
-0.0010986328
-0.0010986328
-0.0022583008
-0.0022583008
-0.0021362305
-0.0021362305
-0.003112793
-0.003112793
-0.0031433105
-0.0031433105
-0.003967285
-0.003967285
-0.0032653809
-0.0032653809
-0.005432129
-0.005432129
-0.004211426
-0.004211426
-0.0061035156
-0.0061035156
-0.007019043
-0.007019043
-0.006134033
-0.006134033
-0.007080078
-0.007080078
-0.007446289
-0.007446289
-0.007598877
-0.007598877
-0.0074157715
-0.0074157715
-0.008453369
-0.008453369
-0.007873535
-0.007873535
-0.008605957
-0.008605957
-0.0077819824
-0.0077819824
-0.008392334
-0.008392334
-0.009094238
-0.009094238
-0.0074768066
-0.0074768066
-0.007232666
-0.007232666
-0.008758545
-0.008758545
-0.0067749023
-0.0067749023
-0.006378174
-0.006378174
-0.006500244
-0.006500244
-0.0059509277
-0.0059509277
-0.005065918
-0.005065918
-0.006011963
-0.006011963
-0.0039978027
-0.0039978027
-0.0036315918
-0.0036315918
-0.0036621094
-0.0036621094
-0.0022277832
-0.0022277832
-0.0014038086
-0.0014038086
-0.0016784668
-0.0016784668
-7.9345703E-4
-7.9345703E-4
-8.544922E-4
-8.544922E-4
3.3569336E-4
3.3569336E-4
2.1362305E-4
2.1362305E-4
9.765625E-4
9.765625E-4
0.0011901855
0.0011901855
0.0016174316
0.0016174316
0.0021362305
0.0021362305
0.0029907227
0.0029907227
0.0028686523
0.0028686523
0.0038146973
0.0038146973
0.0036621094
0.0036621094
0.0034484863
0.0034484863
0.0036010742
0.0036010742
0.004638672
0.004638672
0.0040893555
0.0040893555
0.0047302246
0.0047302246
0.0048217773
0.0048217773
0.0040893555
0.0040893555
0.005554199
0.005554199
0.004760742
0.004760742
0.0046081543
0.0046081543
0.0061035156
0.0061035156
0.004547119
0.004547119
0.0049438477
0.0049438477
0.0049438477
0.0049438477
0.0047912598
0.0047912598
0.0049743652
0.0049743652
0.005218506
0.005218506
0.0045776367
0.0045776367
0.0049438477
0.0049438477
0.004638672
0.004638672
0.004211426
0.004211426
0.0050964355
0.0050964355
0.003753662
0.003753662
0.0049438477
0.0049438477
0.0034179688
0.0034179688
0.004211426
0.004211426
0.0040283203
0.0040283203
0.0038757324
0.0038757324
0.0035705566
0.0035705566
0.0031433105
0.0031433105
0.0027160645
0.0027160645
0.0028076172
0.0028076172
0.0025634766
0.0025634766
0.002380371
0.002380371
0.0017700195
0.0017700195
0.0014648438
0.0014648438
0.002166748
0.002166748
8.8500977E-4
8.8500977E-4
9.765625E-4
9.765625E-4
4.5776367E-4
4.5776367E-4
4.8828125E-4
4.8828125E-4
1.8310547E-4
1.8310547E-4
-1.8310547E-4
-1.8310547E-4
-2.746582E-4
-2.746582E-4
-5.187988E-4
-5.187988E-4
-1.2207031E-4
-1.2207031E-4
-0.0018920898
-0.0018920898
-7.019043E-4
-7.019043E-4
-2.4414062E-4
-2.4414062E-4
-0.0014343262
-0.0014343262
-0.0017700195
-0.0017700195
-7.9345703E-4
-7.9345703E-4
-0.0012512207
-0.0012512207
-7.6293945E-4
-7.6293945E-4
-0.0016479492
-0.0016479492
-5.187988E-4
-5.187988E-4
-8.8500977E-4
-8.8500977E-4
-6.713867E-4
-6.713867E-4
-0.0013122559
-0.0013122559
1.5258789E-4
1.5258789E-4
-5.187988E-4
-5.187988E-4
-4.8828125E-4
-4.8828125E-4
-4.272461E-4
-4.272461E-4
1.5258789E-4
1.5258789E-4
-6.4086914E-4
-6.4086914E-4
5.79834E-4
5.79834E-4
2.4414062E-4
2.4414062E-4
1.2207031E-4
1.2207031E-4
1.5258789E-4
1.5258789E-4
6.1035156E-5
6.1035156E-5
8.8500977E-4
8.8500977E-4
5.493164E-4
5.493164E-4
4.272461E-4
4.272461E-4
0.0013122559
0.0013122559
7.019043E-4
7.019043E-4
0.001373291
0.001373291
9.460449E-4
9.460449E-4
0.0013122559
0.0013122559
0.0017700195
0.0017700195
0.001739502
0.001739502
0.0011901855
0.0011901855
0.002166748
0.002166748
0.0015869141
0.0015869141
0.0022888184
0.0022888184
0.0020751953
0.0020751953
0.0026855469
0.0026855469
0.002532959
0.002532959
0.0025634766
0.0025634766
0.002319336
0.002319336
0.0036621094
0.0036621094
0.0028381348
0.0028381348
0.0028076172
0.0028076172
0.0032348633
0.0032348633
0.0035705566
0.0035705566
0.0024108887
0.0024108887
0.0034484863
0.0034484863
0.0027770996
0.0027770996
0.003540039
0.003540039
0.003326416
0.003326416
0.0024414062
0.0024414062
0.0032958984
0.0032958984
0.0028076172
0.0028076172
0.0032348633
0.0032348633
0.0024108887
0.0024108887
0.0030822754
0.0030822754
0.0020141602
0.0020141602
0.0027160645
0.0027160645
0.0018920898
0.0018920898
0.001953125
0.001953125
0.0020446777
0.0020446777
0.0014343262
0.0014343262
0.0011901855
0.0011901855
8.239746E-4
8.239746E-4
4.5776367E-4
4.5776367E-4
5.493164E-4
5.493164E-4
1.8310547E-4
1.8310547E-4
-4.272461E-4
-4.272461E-4
-7.324219E-4
-7.324219E-4
-3.9672852E-4
-3.9672852E-4
-7.9345703E-4
-7.9345703E-4
-0.0013122559
-0.0013122559
-0.0015869141
-0.0015869141
-0.001373291
-0.001373291
-0.0014953613
-0.0014953613
-0.0025939941
-0.0025939941
-0.0023498535
-0.0023498535
-0.0015258789
-0.0015258789
-0.0025024414
-0.0025024414
-0.0028076172
-0.0028076172
-0.0030822754
-0.0030822754
-0.001953125
-0.001953125
-0.00289917
-0.00289917
-0.0028686523
-0.0028686523
-0.002166748
-0.002166748
-0.0031738281
-0.0031738281
-0.0026855469
-0.0026855469
-0.0023498535
-0.0023498535
-0.0030822754
-0.0030822754
-0.0020141602
-0.0020141602
-0.0026855469
-0.0026855469
-0.0025024414
-0.0025024414
-0.002105713
-0.002105713
-0.0024108887
-0.0024108887
-0.002532959
-0.002532959
-0.0019226074
-0.0019226074
-0.0024414062
-0.0024414062
-0.0014038086
-0.0014038086
-0.0021972656
-0.0021972656
-0.001953125
-0.001953125
-0.0021362305
-0.0021362305
-0.0015869141
-0.0015869141
-9.765625E-4
-9.765625E-4
-0.0019226074
-0.0019226074
-0.0013122559
-0.0013122559
-7.019043E-4
-7.019043E-4
-0.0012817383
-0.0012817383
-0.001159668
-0.001159668
-7.6293945E-4
-7.6293945E-4
-0.0010681152
-0.0010681152
-6.1035156E-4
-6.1035156E-4
-5.493164E-4
-5.493164E-4
-3.9672852E-4
-3.9672852E-4
-5.493164E-4
-5.493164E-4
-1.2207031E-4
-1.2207031E-4
-3.3569336E-4
-3.3569336E-4
-4.272461E-4
-4.272461E-4
3.9672852E-4
3.9672852E-4
-1.5258789E-4
-1.5258789E-4
8.8500977E-4
8.8500977E-4
0.0
0.0
4.8828125E-4
4.8828125E-4
3.9672852E-4
3.9672852E-4
8.239746E-4
8.239746E-4
1.2207031E-4
1.2207031E-4
5.79834E-4
5.79834E-4
7.6293945E-4
7.6293945E-4
2.4414062E-4
2.4414062E-4
6.1035156E-4
6.1035156E-4
3.0517578E-4
3.0517578E-4
3.6621094E-4
3.6621094E-4
3.9672852E-4
3.9672852E-4
4.272461E-4
4.272461E-4
-5.493164E-4
-5.493164E-4
5.493164E-4
5.493164E-4
1.2207031E-4
1.2207031E-4
9.1552734E-5
9.1552734E-5
3.0517578E-5
3.0517578E-5
-2.746582E-4
-2.746582E-4
3.3569336E-4
3.3569336E-4
3.0517578E-5
3.0517578E-5
-3.6621094E-4
-3.6621094E-4
-3.9672852E-4
-3.9672852E-4
3.6621094E-4
3.6621094E-4
-8.239746E-4
-8.239746E-4
-1.5258789E-4
-1.5258789E-4
-4.272461E-4
-4.272461E-4
-2.746582E-4
-2.746582E-4
-2.4414062E-4
-2.4414062E-4
-6.1035156E-4
-6.1035156E-4
-2.746582E-4
-2.746582E-4
3.0517578E-4
3.0517578E-4
-5.79834E-4
-5.79834E-4
-5.187988E-4
-5.187988E-4
-1.8310547E-4
-1.8310547E-4
-8.239746E-4
-8.239746E-4
-4.272461E-4
-4.272461E-4
-8.8500977E-4
-8.8500977E-4
-6.4086914E-4
-6.4086914E-4
-5.493164E-4
-5.493164E-4
-7.6293945E-4
-7.6293945E-4
-0.0012207031
-0.0012207031
-5.493164E-4
-5.493164E-4
-0.0010375977
-0.0010375977
-3.6621094E-4
-3.6621094E-4
-8.8500977E-4
-8.8500977E-4
-0.0012207031
-0.0012207031
-0.001373291
-0.001373291
-0.0011291504
-0.0011291504
-0.0012512207
-0.0012512207
-0.0016784668
-0.0016784668
-0.0012512207
-0.0012512207
-0.0012817383
-0.0012817383
-0.0014953613
-0.0014953613
-0.0015258789
-0.0015258789
-0.0015258789
-0.0015258789
-0.0014648438
-0.0014648438
-0.0016784668
-0.0016784668
-0.0015258789
-0.0015258789
-0.0018005371
-0.0018005371
-0.0014343262
-0.0014343262
-0.0018005371
-0.0018005371
-0.0016784668
-0.0016784668
-0.0010070801
-0.0010070801
-0.001739502
-0.001739502
-0.001159668
-0.001159668
-0.0010375977
-0.0010375977
-0.0017089844
-0.0017089844
-8.239746E-4
-8.239746E-4
-0.0010375977
-0.0010375977
-0.0014648438
-0.0014648438
-7.324219E-4
-7.324219E-4
-0.0012817383
-0.0012817383
-0.0010375977
-0.0010375977
-4.5776367E-4
-4.5776367E-4
-0.0010986328
-0.0010986328
-7.6293945E-4
-7.6293945E-4
-3.9672852E-4
-3.9672852E-4
-0.0011291504
-0.0011291504
-5.187988E-4
-5.187988E-4
-8.544922E-4
-8.544922E-4
-9.765625E-4
-9.765625E-4
-4.5776367E-4
-4.5776367E-4
-8.544922E-4
-8.544922E-4
-7.019043E-4
-7.019043E-4
-7.324219E-4
-7.324219E-4
-9.765625E-4
-9.765625E-4
-6.1035156E-4
-6.1035156E-4
-4.5776367E-4
-4.5776367E-4
-6.1035156E-4
-6.1035156E-4
-9.1552734E-4
-9.1552734E-4
-6.4086914E-4
-6.4086914E-4
-2.4414062E-4
-2.4414062E-4
-4.8828125E-4
-4.8828125E-4
-3.3569336E-4
-3.3569336E-4
-7.019043E-4
-7.019043E-4
-2.746582E-4
-2.746582E-4
2.4414062E-4
2.4414062E-4
-5.187988E-4
-5.187988E-4
6.1035156E-5
6.1035156E-5
-3.0517578E-4
-3.0517578E-4
2.4414062E-4
2.4414062E-4
-4.5776367E-4
-4.5776367E-4
1.5258789E-4
1.5258789E-4
-9.1552734E-5
-9.1552734E-5
3.3569336E-4
3.3569336E-4
2.1362305E-4
2.1362305E-4
-2.4414062E-4
-2.4414062E-4
0.0
0.0
2.1362305E-4
2.1362305E-4
-1.2207031E-4
-1.2207031E-4
-1.5258789E-4
-1.5258789E-4
2.4414062E-4
2.4414062E-4
-1.5258789E-4
-1.5258789E-4
-1.5258789E-4
-1.5258789E-4
3.0517578E-4
3.0517578E-4
-3.9672852E-4
-3.9672852E-4
0.0
0.0
6.1035156E-5
6.1035156E-5
-3.0517578E-4
-3.0517578E-4
-1.5258789E-4
-1.5258789E-4
-3.3569336E-4
-3.3569336E-4
-2.4414062E-4
-2.4414062E-4
-2.4414062E-4
-2.4414062E-4
-3.3569336E-4
-3.3569336E-4
-3.0517578E-4
-3.0517578E-4
-3.6621094E-4
-3.6621094E-4
-9.1552734E-5
-9.1552734E-5
1.5258789E-4
1.5258789E-4
-7.019043E-4
-7.019043E-4
1.5258789E-4
1.5258789E-4
-2.1362305E-4
-2.1362305E-4
4.5776367E-4
4.5776367E-4
-2.4414062E-4
-2.4414062E-4
2.746582E-4
2.746582E-4
1.8310547E-4
1.8310547E-4
2.1362305E-4
2.1362305E-4
3.0517578E-4
3.0517578E-4
4.272461E-4
4.272461E-4
3.0517578E-4
3.0517578E-4
3.3569336E-4
3.3569336E-4
0.0013427734
0.0013427734
5.493164E-4
5.493164E-4
8.239746E-4
8.239746E-4
8.544922E-4
8.544922E-4
0.0010375977
0.0010375977
0.0012512207
0.0012512207
8.239746E-4
8.239746E-4
0.001159668
0.001159668
0.0010070801
0.0010070801
0.0013122559
0.0013122559
7.6293945E-4
7.6293945E-4
0.0012512207
0.0012512207
0.0015869141
0.0015869141
0.0012207031
0.0012207031
0.0014343262
0.0014343262
0.001373291
0.001373291
0.0014038086
0.0014038086
0.0012817383
0.0012817383
0.0014343262
0.0014343262
0.0010986328
0.0010986328
0.0015258789
0.0015258789
0.0010986328
0.0010986328
0.0017089844
0.0017089844
0.001373291
0.001373291
0.0013427734
0.0013427734
0.0013122559
0.0013122559
0.0017089844
0.0017089844
0.0014038086
0.0014038086
0.001739502
0.001739502
0.0012512207
0.0012512207
0.0015869141
0.0015869141
0.0014648438
0.0014648438
0.0013427734
0.0013427734
0.0014648438
0.0014648438
0.0014343262
0.0014343262
0.0015563965
0.0015563965
0.0014343262
0.0014343262
0.0014648438
0.0014648438
0.0016174316
0.0016174316
0.0014343262
0.0014343262
0.0016174316
0.0016174316
0.0019226074
0.0019226074
0.0013122559
0.0013122559
0.0018005371
0.0018005371
0.001739502
0.001739502
0.0014648438
0.0014648438
0.0014648438
0.0014648438
0.0016479492
0.0016479492
0.0014038086
0.0014038086
0.001953125
0.001953125
0.0014343262
0.0014343262
0.0014038086
0.0014038086
0.0014343262
0.0014343262
0.0016784668
0.0016784668
0.0010070801
0.0010070801
0.0015258789
0.0015258789
0.0013427734
0.0013427734
0.0014648438
0.0014648438
0.001373291
0.001373291
0.001373291
0.001373291
0.0012817383
0.0012817383
0.0014953613
0.0014953613
0.001373291
0.001373291
0.0010986328
0.0010986328
0.001373291
0.001373291
0.0015563965
0.0015563965
0.0012207031
0.0012207031
0.0012207031
0.0012207031
0.0014038086
0.0014038086
0.001159668
0.001159668
0.0013122559
0.0013122559
0.001159668
0.001159668
0.0011291504
0.0011291504
0.0013122559
0.0013122559
0.0010070801
0.0010070801
9.765625E-4
9.765625E-4
0.0011901855
0.0011901855
0.0010681152
0.0010681152
0.0010986328
0.0010986328
0.0011901855
0.0011901855
7.019043E-4
7.019043E-4
0.0011291504
0.0011291504
7.9345703E-4
7.9345703E-4
0.0010986328
0.0010986328
8.544922E-4
8.544922E-4
6.713867E-4
6.713867E-4
8.239746E-4
8.239746E-4
7.6293945E-4
7.6293945E-4
5.187988E-4
5.187988E-4
9.1552734E-4
9.1552734E-4
2.4414062E-4
2.4414062E-4
4.8828125E-4
4.8828125E-4
3.9672852E-4
3.9672852E-4
3.6621094E-4
3.6621094E-4
2.4414062E-4
2.4414062E-4
1.5258789E-4
1.5258789E-4
3.0517578E-5
3.0517578E-5
1.8310547E-4
1.8310547E-4
0.0
0.0
-6.1035156E-5
-6.1035156E-5
-6.1035156E-5
-6.1035156E-5
3.0517578E-5
3.0517578E-5
-2.4414062E-4
-2.4414062E-4
1.8310547E-4
1.8310547E-4
-2.1362305E-4
-2.1362305E-4
-6.1035156E-5
-6.1035156E-5
-1.8310547E-4
-1.8310547E-4
-1.2207031E-4
-1.2207031E-4
-3.0517578E-4
-3.0517578E-4
-4.8828125E-4
-4.8828125E-4
-5.79834E-4
-5.79834E-4
-4.272461E-4
-4.272461E-4
-4.272461E-4
-4.272461E-4
-6.1035156E-4
-6.1035156E-4
-3.9672852E-4
-3.9672852E-4
-3.0517578E-4
-3.0517578E-4
-9.460449E-4
-9.460449E-4
-4.5776367E-4
-4.5776367E-4
-8.8500977E-4
-8.8500977E-4
-7.019043E-4
-7.019043E-4
-0.0010375977
-0.0010375977
-7.019043E-4
-7.019043E-4
-0.0010986328
-0.0010986328
-9.460449E-4
-9.460449E-4
-0.0010375977
-0.0010375977
-0.0011291504
-0.0011291504
-0.0011291504
-0.0011291504
-0.0012207031
-0.0012207031
-0.0013427734
-0.0013427734
-0.0010070801
-0.0010070801
-0.0011291504
-0.0011291504
-0.0012512207
-0.0012512207
-0.0014343262
-0.0014343262
-0.0010986328
-0.0010986328
-0.0013122559
-0.0013122559
-0.0012207031
-0.0012207031
-0.0010986328
-0.0010986328
-0.0011901855
-0.0011901855
-0.0011901855
-0.0011901855
-0.0012512207
-0.0012512207
-0.0010986328
-0.0010986328
-0.0013122559
-0.0013122559
-0.0010986328
-0.0010986328
-0.001373291
-0.001373291
-0.0010375977
-0.0010375977
-0.0010070801
-0.0010070801
-0.0012512207
-0.0012512207
-0.0010070801
-0.0010070801
-0.0010070801
-0.0010070801
-0.0014038086
-0.0014038086
-8.544922E-4
-8.544922E-4
-0.0010681152
-0.0010681152
-8.8500977E-4
-8.8500977E-4
-0.0011291504
-0.0011291504
-0.0010681152
-0.0010681152
-0.0010681152
-0.0010681152
-9.460449E-4
-9.460449E-4
-0.0010070801
-0.0010070801
-0.0010986328
-0.0010986328
-0.0010375977
-0.0010375977
-0.0010986328
-0.0010986328
-0.0011291504
-0.0011291504
-0.0013122559
-0.0013122559
-9.460449E-4
-9.460449E-4
-0.0011901855
-0.0011901855
-8.8500977E-4
-8.8500977E-4
-8.8500977E-4
-8.8500977E-4
-0.001159668
-0.001159668
-9.1552734E-4
-9.1552734E-4
-9.460449E-4
-9.460449E-4
-8.239746E-4
-8.239746E-4
-0.0011291504
-0.0011291504
-0.001159668
-0.001159668
-8.544922E-4
-8.544922E-4
-9.1552734E-4
-9.1552734E-4
-9.460449E-4
-9.460449E-4
-6.1035156E-4
-6.1035156E-4
-8.544922E-4
-8.544922E-4
-6.4086914E-4
-6.4086914E-4
-7.324219E-4
-7.324219E-4
-7.9345703E-4
-7.9345703E-4
-8.239746E-4
-8.239746E-4
-8.8500977E-4
-8.8500977E-4
-6.1035156E-4
-6.1035156E-4
-6.713867E-4
-6.713867E-4
-7.6293945E-4
-7.6293945E-4
-7.324219E-4
-7.324219E-4
-6.4086914E-4
-6.4086914E-4
-6.713867E-4
-6.713867E-4
-7.019043E-4
-7.019043E-4
-7.6293945E-4
-7.6293945E-4
-9.1552734E-4
-9.1552734E-4
-6.713867E-4
-6.713867E-4
-8.8500977E-4
-8.8500977E-4
-7.9345703E-4
-7.9345703E-4
-8.239746E-4
-8.239746E-4
-7.6293945E-4
-7.6293945E-4
-8.8500977E-4
-8.8500977E-4
-6.1035156E-4
-6.1035156E-4
-7.019043E-4
-7.019043E-4
-7.019043E-4
-7.019043E-4
-7.6293945E-4
-7.6293945E-4
-8.8500977E-4
-8.8500977E-4
-6.713867E-4
-6.713867E-4
-6.4086914E-4
-6.4086914E-4
-9.1552734E-4
-9.1552734E-4
-7.324219E-4
-7.324219E-4
-9.460449E-4
-9.460449E-4
-5.493164E-4
-5.493164E-4
-9.1552734E-4
-9.1552734E-4
-6.4086914E-4
-6.4086914E-4
-0.0010070801
-0.0010070801
-6.4086914E-4
-6.4086914E-4
-7.324219E-4
-7.324219E-4
-6.4086914E-4
-6.4086914E-4
-7.324219E-4
-7.324219E-4
-3.3569336E-4
-3.3569336E-4
-5.79834E-4
-5.79834E-4
-6.4086914E-4
-6.4086914E-4
-6.1035156E-4
-6.1035156E-4
-4.272461E-4
-4.272461E-4
-4.5776367E-4
-4.5776367E-4
-3.9672852E-4
-3.9672852E-4
-5.493164E-4
-5.493164E-4
-3.6621094E-4
-3.6621094E-4
-4.272461E-4
-4.272461E-4
-5.493164E-4
-5.493164E-4
-2.746582E-4
-2.746582E-4
-5.187988E-4
-5.187988E-4
-3.3569336E-4
-3.3569336E-4
-4.5776367E-4
-4.5776367E-4
-3.0517578E-4
-3.0517578E-4
-3.0517578E-4
-3.0517578E-4
-3.0517578E-4
-3.0517578E-4
-2.4414062E-4
-2.4414062E-4
-9.1552734E-5
-9.1552734E-5
-2.746582E-4
-2.746582E-4
-2.4414062E-4
-2.4414062E-4
-1.8310547E-4
-1.8310547E-4
-3.0517578E-4
-3.0517578E-4
-2.746582E-4
-2.746582E-4
0.0
0.0
-6.1035156E-5
-6.1035156E-5
3.0517578E-5
3.0517578E-5
6.1035156E-5
6.1035156E-5
3.0517578E-5
3.0517578E-5
-3.0517578E-5
-3.0517578E-5
0.0
0.0
9.1552734E-5
9.1552734E-5
2.746582E-4
2.746582E-4
0.0
0.0
1.8310547E-4
1.8310547E-4
3.3569336E-4
3.3569336E-4
1.5258789E-4
1.5258789E-4
2.746582E-4
2.746582E-4
3.0517578E-4
3.0517578E-4
3.0517578E-4
3.0517578E-4
4.8828125E-4
4.8828125E-4
2.1362305E-4
2.1362305E-4
2.1362305E-4
2.1362305E-4
3.0517578E-4
3.0517578E-4
3.0517578E-4
3.0517578E-4
4.8828125E-4
4.8828125E-4
3.0517578E-4
3.0517578E-4
1.8310547E-4
1.8310547E-4
4.272461E-4
4.272461E-4
3.9672852E-4
3.9672852E-4
6.1035156E-5
6.1035156E-5
3.0517578E-4
3.0517578E-4
2.746582E-4
2.746582E-4
2.1362305E-4
2.1362305E-4
3.0517578E-4
3.0517578E-4
2.746582E-4
2.746582E-4
3.3569336E-4
3.3569336E-4
3.3569336E-4
3.3569336E-4
3.0517578E-4
3.0517578E-4
4.272461E-4
4.272461E-4
3.0517578E-4
3.0517578E-4
1.2207031E-4
1.2207031E-4
2.746582E-4
2.746582E-4
3.6621094E-4
3.6621094E-4
1.5258789E-4
1.5258789E-4
3.6621094E-4
3.6621094E-4
2.4414062E-4
2.4414062E-4
1.8310547E-4
1.8310547E-4
3.6621094E-4
3.6621094E-4
3.0517578E-4
3.0517578E-4
3.3569336E-4
3.3569336E-4
2.4414062E-4
2.4414062E-4
3.0517578E-4
3.0517578E-4
5.187988E-4
5.187988E-4
2.746582E-4
2.746582E-4
2.1362305E-4
2.1362305E-4
6.1035156E-4
6.1035156E-4
4.272461E-4
4.272461E-4
3.0517578E-4
3.0517578E-4
3.9672852E-4
3.9672852E-4
3.3569336E-4
3.3569336E-4
4.272461E-4
4.272461E-4
5.493164E-4
5.493164E-4
3.9672852E-4
3.9672852E-4
4.5776367E-4
4.5776367E-4
5.493164E-4
5.493164E-4
4.272461E-4
4.272461E-4
3.6621094E-4
3.6621094E-4
2.746582E-4
2.746582E-4
5.187988E-4
5.187988E-4
2.746582E-4
2.746582E-4
3.6621094E-4
3.6621094E-4
2.4414062E-4
2.4414062E-4
5.79834E-4
5.79834E-4
4.8828125E-4
4.8828125E-4
6.1035156E-4
6.1035156E-4
4.8828125E-4
4.8828125E-4
6.1035156E-4
6.1035156E-4
7.019043E-4
7.019043E-4
7.019043E-4
7.019043E-4
6.1035156E-4
6.1035156E-4
4.5776367E-4
4.5776367E-4
6.4086914E-4
6.4086914E-4
5.79834E-4
5.79834E-4
4.5776367E-4
4.5776367E-4
5.79834E-4
5.79834E-4
8.544922E-4
8.544922E-4
6.4086914E-4
6.4086914E-4
7.6293945E-4
7.6293945E-4
6.1035156E-4
6.1035156E-4
6.713867E-4
6.713867E-4
7.019043E-4
7.019043E-4
7.6293945E-4
7.6293945E-4
6.1035156E-4
6.1035156E-4
8.239746E-4
8.239746E-4
6.4086914E-4
6.4086914E-4
6.4086914E-4
6.4086914E-4
5.493164E-4
5.493164E-4
6.4086914E-4
6.4086914E-4
6.4086914E-4
6.4086914E-4
6.4086914E-4
6.4086914E-4
8.8500977E-4
8.8500977E-4
5.79834E-4
5.79834E-4
5.493164E-4
5.493164E-4
6.713867E-4
6.713867E-4
6.1035156E-4
6.1035156E-4
9.1552734E-4
9.1552734E-4
4.5776367E-4
4.5776367E-4
8.544922E-4
8.544922E-4
6.713867E-4
6.713867E-4
7.9345703E-4
7.9345703E-4
5.493164E-4
5.493164E-4
8.239746E-4
8.239746E-4
8.239746E-4
8.239746E-4
6.4086914E-4
6.4086914E-4
5.187988E-4
5.187988E-4
8.8500977E-4
8.8500977E-4
6.4086914E-4
6.4086914E-4
6.713867E-4
6.713867E-4
4.8828125E-4
4.8828125E-4
7.324219E-4
7.324219E-4
7.9345703E-4
7.9345703E-4
6.1035156E-4
6.1035156E-4
7.324219E-4
7.324219E-4
5.187988E-4
5.187988E-4
7.324219E-4
7.324219E-4
5.79834E-4
5.79834E-4
5.187988E-4
5.187988E-4
5.493164E-4
5.493164E-4
4.8828125E-4
4.8828125E-4
4.5776367E-4
4.5776367E-4
5.187988E-4
5.187988E-4
3.9672852E-4
3.9672852E-4
5.493164E-4
5.493164E-4
4.272461E-4
4.272461E-4
3.3569336E-4
3.3569336E-4
3.9672852E-4
3.9672852E-4
3.0517578E-4
3.0517578E-4
4.8828125E-4
4.8828125E-4
3.0517578E-4
3.0517578E-4
2.746582E-4
2.746582E-4
3.6621094E-4
3.6621094E-4
3.9672852E-4
3.9672852E-4
1.2207031E-4
1.2207031E-4
4.272461E-4
4.272461E-4
1.5258789E-4
1.5258789E-4
3.6621094E-4
3.6621094E-4
1.5258789E-4
1.5258789E-4
3.0517578E-4
3.0517578E-4
2.746582E-4
2.746582E-4
2.1362305E-4
2.1362305E-4
6.1035156E-5
6.1035156E-5
2.1362305E-4
2.1362305E-4
3.0517578E-4
3.0517578E-4
3.0517578E-4
3.0517578E-4
1.5258789E-4
1.5258789E-4
3.0517578E-4
3.0517578E-4
2.746582E-4
2.746582E-4
2.4414062E-4
2.4414062E-4
2.4414062E-4
2.4414062E-4
4.5776367E-4
4.5776367E-4
2.4414062E-4
2.4414062E-4
2.1362305E-4
2.1362305E-4
3.6621094E-4
3.6621094E-4
2.4414062E-4
2.4414062E-4
2.1362305E-4
2.1362305E-4
2.4414062E-4
2.4414062E-4
3.0517578E-4
3.0517578E-4
3.3569336E-4
3.3569336E-4
1.8310547E-4
1.8310547E-4
2.4414062E-4
2.4414062E-4
1.5258789E-4
1.5258789E-4
4.272461E-4
4.272461E-4
2.1362305E-4
2.1362305E-4
1.5258789E-4
1.5258789E-4
6.1035156E-5
6.1035156E-5
2.4414062E-4
2.4414062E-4
1.5258789E-4
1.5258789E-4
2.1362305E-4
2.1362305E-4
1.2207031E-4
1.2207031E-4
9.1552734E-5
9.1552734E-5
3.3569336E-4
3.3569336E-4
-3.0517578E-5
-3.0517578E-5
9.1552734E-5
9.1552734E-5
2.1362305E-4
2.1362305E-4
0.0
0.0
6.1035156E-5
6.1035156E-5
9.1552734E-5
9.1552734E-5
-6.1035156E-5
-6.1035156E-5
-1.5258789E-4
-1.5258789E-4
-1.2207031E-4
-1.2207031E-4
-1.5258789E-4
-1.5258789E-4
-6.1035156E-5
-6.1035156E-5
-2.4414062E-4
-2.4414062E-4
-1.5258789E-4
-1.5258789E-4
-1.2207031E-4
-1.2207031E-4
-2.1362305E-4
-2.1362305E-4
-1.5258789E-4
-1.5258789E-4
-2.4414062E-4
-2.4414062E-4
-1.5258789E-4
-1.5258789E-4
-1.5258789E-4
-1.5258789E-4
-3.0517578E-4
-3.0517578E-4
-3.9672852E-4
-3.9672852E-4
-2.1362305E-4
-2.1362305E-4
-4.5776367E-4
-4.5776367E-4
-2.746582E-4
-2.746582E-4
-3.0517578E-4
-3.0517578E-4
-5.493164E-4
-5.493164E-4
-4.5776367E-4
-4.5776367E-4
-4.5776367E-4
-4.5776367E-4
-4.272461E-4
-4.272461E-4
-3.9672852E-4
-3.9672852E-4
-4.272461E-4
-4.272461E-4
-6.4086914E-4
-6.4086914E-4
-4.5776367E-4
-4.5776367E-4
-4.272461E-4
-4.272461E-4
-7.019043E-4
-7.019043E-4
-6.1035156E-4
-6.1035156E-4
-5.187988E-4
-5.187988E-4
-6.713867E-4
-6.713867E-4
-7.324219E-4
-7.324219E-4
-5.493164E-4
-5.493164E-4
-6.713867E-4
-6.713867E-4
-6.1035156E-4
-6.1035156E-4
-6.4086914E-4
-6.4086914E-4
-6.4086914E-4
-6.4086914E-4
-6.1035156E-4
-6.1035156E-4
-6.713867E-4
-6.713867E-4
-5.187988E-4
-5.187988E-4
-4.8828125E-4
-4.8828125E-4
-5.493164E-4
-5.493164E-4
-7.6293945E-4
-7.6293945E-4
-5.187988E-4
-5.187988E-4
-6.4086914E-4
-6.4086914E-4
-5.493164E-4
-5.493164E-4
-5.187988E-4
-5.187988E-4
-4.8828125E-4
-4.8828125E-4
-6.713867E-4
-6.713867E-4
-5.187988E-4
-5.187988E-4
-4.8828125E-4
-4.8828125E-4
-6.4086914E-4
-6.4086914E-4
-5.493164E-4
-5.493164E-4
-6.713867E-4
-6.713867E-4
-5.493164E-4
-5.493164E-4
-5.79834E-4
-5.79834E-4
-4.5776367E-4
-4.5776367E-4
-6.4086914E-4
-6.4086914E-4
-6.4086914E-4
-6.4086914E-4
-3.6621094E-4
-3.6621094E-4
-4.272461E-4
-4.272461E-4
-4.8828125E-4
-4.8828125E-4
-6.4086914E-4
-6.4086914E-4
-4.5776367E-4
-4.5776367E-4
-5.493164E-4
-5.493164E-4
-4.272461E-4
-4.272461E-4
-4.8828125E-4
-4.8828125E-4
-5.187988E-4
-5.187988E-4
-4.5776367E-4
-4.5776367E-4
-5.187988E-4
-5.187988E-4
-3.9672852E-4
-3.9672852E-4
-2.746582E-4
-2.746582E-4
-4.5776367E-4
-4.5776367E-4
-2.746582E-4
-2.746582E-4
-3.9672852E-4
-3.9672852E-4
-2.1362305E-4
-2.1362305E-4
-3.3569336E-4
-3.3569336E-4
-1.2207031E-4
-1.2207031E-4
-3.3569336E-4
-3.3569336E-4
-1.8310547E-4
-1.8310547E-4
-1.5258789E-4
-1.5258789E-4
-2.4414062E-4
-2.4414062E-4
-2.4414062E-4
-2.4414062E-4
-9.1552734E-5
-9.1552734E-5
-3.9672852E-4
-3.9672852E-4
-1.8310547E-4
-1.8310547E-4
-2.1362305E-4
-2.1362305E-4
-2.746582E-4
-2.746582E-4
-2.1362305E-4
-2.1362305E-4
-1.8310547E-4
-1.8310547E-4
-2.1362305E-4
-2.1362305E-4
-2.4414062E-4
-2.4414062E-4
-1.8310547E-4
-1.8310547E-4
-2.1362305E-4
-2.1362305E-4
-2.1362305E-4
-2.1362305E-4
-1.2207031E-4
-1.2207031E-4
-1.8310547E-4
-1.8310547E-4
-1.5258789E-4
-1.5258789E-4
-9.1552734E-5
-9.1552734E-5
-1.2207031E-4
-1.2207031E-4
-2.4414062E-4
-2.4414062E-4
-2.4414062E-4
-2.4414062E-4
-1.2207031E-4
-1.2207031E-4
-1.8310547E-4
-1.8310547E-4
-2.1362305E-4
-2.1362305E-4
-1.8310547E-4
-1.8310547E-4
-1.5258789E-4
-1.5258789E-4
0.0
0.0
-1.2207031E-4
-1.2207031E-4
-6.1035156E-5
-6.1035156E-5
-3.0517578E-5
-3.0517578E-5
-1.2207031E-4
-1.2207031E-4
-1.5258789E-4
-1.5258789E-4
-6.1035156E-5
-6.1035156E-5
-9.1552734E-5
-9.1552734E-5
-6.1035156E-5
-6.1035156E-5
-1.5258789E-4
-1.5258789E-4
-1.2207031E-4
-1.2207031E-4
-2.1362305E-4
-2.1362305E-4
-9.1552734E-5
-9.1552734E-5
-1.5258789E-4
-1.5258789E-4
-1.2207031E-4
-1.2207031E-4
-1.5258789E-4
-1.5258789E-4
0.0
0.0
-1.5258789E-4
-1.5258789E-4
-9.1552734E-5
-9.1552734E-5
-3.0517578E-5
-3.0517578E-5
-6.1035156E-5
-6.1035156E-5
0.0
0.0
-3.0517578E-5
-3.0517578E-5
0.0
0.0
-1.2207031E-4
-1.2207031E-4
-9.1552734E-5
-9.1552734E-5
-3.0517578E-5
-3.0517578E-5
-1.2207031E-4
-1.2207031E-4
-3.0517578E-5
-3.0517578E-5
-1.2207031E-4
-1.2207031E-4
-3.0517578E-5
-3.0517578E-5
0.0
0.0
-3.0517578E-5
-3.0517578E-5
0.0
0.0
3.0517578E-5
3.0517578E-5
-3.0517578E-5
-3.0517578E-5
0.0
0.0
3.0517578E-5
3.0517578E-5
0.0
0.0
1.8310547E-4
1.8310547E-4
1.2207031E-4
1.2207031E-4
2.746582E-4
2.746582E-4
3.0517578E-5
3.0517578E-5
1.5258789E-4
1.5258789E-4
1.8310547E-4
1.8310547E-4
1.8310547E-4
1.8310547E-4
1.5258789E-4
1.5258789E-4
3.0517578E-5
3.0517578E-5
9.1552734E-5
9.1552734E-5
2.4414062E-4
2.4414062E-4
1.5258789E-4
1.5258789E-4
6.1035156E-5
6.1035156E-5
2.1362305E-4
2.1362305E-4
2.1362305E-4
2.1362305E-4
1.5258789E-4
1.5258789E-4
1.8310547E-4
1.8310547E-4
1.5258789E-4
1.5258789E-4
2.4414062E-4
2.4414062E-4
1.8310547E-4
1.8310547E-4
1.8310547E-4
1.8310547E-4
1.5258789E-4
1.5258789E-4
2.4414062E-4
2.4414062E-4
1.8310547E-4
1.8310547E-4
2.1362305E-4
2.1362305E-4
1.8310547E-4
1.8310547E-4
3.3569336E-4
3.3569336E-4
3.6621094E-4
3.6621094E-4
1.5258789E-4
1.5258789E-4
2.746582E-4
2.746582E-4
2.746582E-4
2.746582E-4
6.1035156E-5
6.1035156E-5
2.1362305E-4
2.1362305E-4
3.0517578E-4
3.0517578E-4
3.0517578E-4
3.0517578E-4
3.0517578E-4
3.0517578E-4
2.746582E-4
2.746582E-4
2.746582E-4
2.746582E-4
2.1362305E-4
2.1362305E-4
3.0517578E-4
3.0517578E-4
2.746582E-4
2.746582E-4
2.4414062E-4
2.4414062E-4
3.0517578E-4
3.0517578E-4
1.8310547E-4
1.8310547E-4
2.4414062E-4
2.4414062E-4
9.1552734E-5
9.1552734E-5
2.746582E-4
2.746582E-4
1.8310547E-4
1.8310547E-4
3.3569336E-4
3.3569336E-4
1.5258789E-4
1.5258789E-4
2.4414062E-4
2.4414062E-4
1.5258789E-4
1.5258789E-4
1.8310547E-4
1.8310547E-4
2.4414062E-4
2.4414062E-4
1.5258789E-4
1.5258789E-4
3.6621094E-4
3.6621094E-4
2.1362305E-4
2.1362305E-4
2.4414062E-4
2.4414062E-4
3.0517578E-4
3.0517578E-4
6.1035156E-5
6.1035156E-5
2.4414062E-4
2.4414062E-4
1.5258789E-4
1.5258789E-4
3.0517578E-4
3.0517578E-4
1.5258789E-4
1.5258789E-4
1.8310547E-4
1.8310547E-4
1.5258789E-4
1.5258789E-4
2.1362305E-4
2.1362305E-4
1.8310547E-4
1.8310547E-4
1.5258789E-4
1.5258789E-4
1.5258789E-4
1.5258789E-4
1.2207031E-4
1.2207031E-4
9.1552734E-5
9.1552734E-5
2.4414062E-4
2.4414062E-4
9.1552734E-5
9.1552734E-5
1.8310547E-4
1.8310547E-4
2.4414062E-4
2.4414062E-4
6.1035156E-5
6.1035156E-5
1.8310547E-4
1.8310547E-4
1.8310547E-4
1.8310547E-4
1.2207031E-4
1.2207031E-4
3.0517578E-5
3.0517578E-5
0.0
0.0
1.2207031E-4
1.2207031E-4
2.1362305E-4
2.1362305E-4
6.1035156E-5
6.1035156E-5
2.1362305E-4
2.1362305E-4
1.2207031E-4
1.2207031E-4
1.2207031E-4
1.2207031E-4
9.1552734E-5
9.1552734E-5
1.5258789E-4
1.5258789E-4
1.5258789E-4
1.5258789E-4
6.1035156E-5
6.1035156E-5
9.1552734E-5
9.1552734E-5
1.5258789E-4
1.5258789E-4
6.1035156E-5
6.1035156E-5
0.0
0.0
1.5258789E-4
1.5258789E-4
1.5258789E-4
1.5258789E-4
9.1552734E-5
9.1552734E-5
3.0517578E-5
3.0517578E-5
9.1552734E-5
9.1552734E-5
1.5258789E-4
1.5258789E-4
1.2207031E-4
1.2207031E-4
3.0517578E-5
3.0517578E-5
1.2207031E-4
1.2207031E-4
9.1552734E-5
9.1552734E-5
6.1035156E-5
6.1035156E-5
1.2207031E-4
1.2207031E-4
6.1035156E-5
6.1035156E-5
1.2207031E-4
1.2207031E-4
1.5258789E-4
1.5258789E-4
6.1035156E-5
6.1035156E-5
0.0
0.0
6.1035156E-5
6.1035156E-5
0.0
0.0
3.0517578E-5
3.0517578E-5
6.1035156E-5
6.1035156E-5
1.2207031E-4
1.2207031E-4
6.1035156E-5
6.1035156E-5
0.0
0.0
3.0517578E-5
3.0517578E-5
1.2207031E-4
1.2207031E-4
3.0517578E-5
3.0517578E-5
0.0
0.0
3.0517578E-5
3.0517578E-5
9.1552734E-5
9.1552734E-5
0.0
0.0
0.0
0.0
0.0
0.0
-9.1552734E-5
-9.1552734E-5
-6.1035156E-5
-6.1035156E-5
-9.1552734E-5
-9.1552734E-5
-9.1552734E-5
-9.1552734E-5
-1.2207031E-4
-1.2207031E-4
-6.1035156E-5
-6.1035156E-5
-1.2207031E-4
-1.2207031E-4
-9.1552734E-5
-9.1552734E-5
0.0
0.0
-1.2207031E-4
-1.2207031E-4
-9.1552734E-5
-9.1552734E-5
-1.5258789E-4
-1.5258789E-4
-1.8310547E-4
-1.8310547E-4
-1.5258789E-4
-1.5258789E-4
-2.746582E-4
-2.746582E-4
-2.746582E-4
-2.746582E-4
-2.746582E-4
-2.746582E-4
-2.4414062E-4
-2.4414062E-4
-2.4414062E-4
-2.4414062E-4
-2.1362305E-4
-2.1362305E-4
-4.272461E-4
-4.272461E-4
-3.0517578E-4
-3.0517578E-4
-2.1362305E-4
-2.1362305E-4
-3.9672852E-4
-3.9672852E-4
-4.8828125E-4
-4.8828125E-4
-4.5776367E-4
-4.5776367E-4
-3.9672852E-4
-3.9672852E-4
-3.9672852E-4
-3.9672852E-4
-3.3569336E-4
-3.3569336E-4
-4.5776367E-4
-4.5776367E-4
-3.6621094E-4
-3.6621094E-4
-3.9672852E-4
-3.9672852E-4
-4.5776367E-4
-4.5776367E-4
-4.5776367E-4
-4.5776367E-4
-4.8828125E-4
-4.8828125E-4
-5.79834E-4
-5.79834E-4
-4.5776367E-4
-4.5776367E-4
-4.272461E-4
-4.272461E-4
-4.8828125E-4
-4.8828125E-4
-3.3569336E-4
-3.3569336E-4
-4.272461E-4
-4.272461E-4
-4.272461E-4
-4.272461E-4
-4.5776367E-4
-4.5776367E-4
-3.9672852E-4
-3.9672852E-4
-3.6621094E-4
-3.6621094E-4
-4.5776367E-4
-4.5776367E-4
-4.5776367E-4
-4.5776367E-4
-4.272461E-4
-4.272461E-4
-2.746582E-4
-2.746582E-4
-3.6621094E-4
-3.6621094E-4
-4.5776367E-4
-4.5776367E-4
-3.6621094E-4
-3.6621094E-4
-4.5776367E-4
-4.5776367E-4
-2.4414062E-4
-2.4414062E-4
-3.6621094E-4
-3.6621094E-4
-3.3569336E-4
-3.3569336E-4
-3.0517578E-4
-3.0517578E-4
-2.746582E-4
-2.746582E-4
-2.746582E-4
-2.746582E-4
-3.0517578E-4
-3.0517578E-4
-2.4414062E-4
-2.4414062E-4
-1.5258789E-4
-1.5258789E-4
-2.746582E-4
-2.746582E-4
-2.746582E-4
-2.746582E-4
-2.1362305E-4
-2.1362305E-4
-2.4414062E-4
-2.4414062E-4
-1.8310547E-4
-1.8310547E-4
-1.5258789E-4
-1.5258789E-4
-3.3569336E-4
-3.3569336E-4
-1.8310547E-4
-1.8310547E-4
-3.6621094E-4
-3.6621094E-4
-2.1362305E-4
-2.1362305E-4
-2.4414062E-4
-2.4414062E-4
-2.1362305E-4
-2.1362305E-4
-3.0517578E-5
-3.0517578E-5
-1.2207031E-4
-1.2207031E-4
-1.8310547E-4
-1.8310547E-4
-6.1035156E-5
-6.1035156E-5
-3.0517578E-5
-3.0517578E-5
-6.1035156E-5
-6.1035156E-5
-1.2207031E-4
-1.2207031E-4
-3.0517578E-5
-3.0517578E-5
-6.1035156E-5
-6.1035156E-5
-1.2207031E-4
-1.2207031E-4
-1.2207031E-4
-1.2207031E-4
-9.1552734E-5
-9.1552734E-5
-3.0517578E-5
-3.0517578E-5
-9.1552734E-5
-9.1552734E-5
-3.0517578E-5
-3.0517578E-5
-1.5258789E-4
-1.5258789E-4
0.0
0.0
-6.1035156E-5
-6.1035156E-5
0.0
0.0
0.0
0.0
-3.0517578E-5
-3.0517578E-5
3.0517578E-5
3.0517578E-5
6.1035156E-5
6.1035156E-5
6.1035156E-5
6.1035156E-5
6.1035156E-5
6.1035156E-5
6.1035156E-5
6.1035156E-5
0.0
0.0
1.2207031E-4
1.2207031E-4
9.1552734E-5
9.1552734E-5
6.1035156E-5
6.1035156E-5
0.0
0.0
0.0
0.0
6.1035156E-5
6.1035156E-5
6.1035156E-5
6.1035156E-5
1.2207031E-4
1.2207031E-4
9.1552734E-5
9.1552734E-5
1.2207031E-4
1.2207031E-4
6.1035156E-5
6.1035156E-5
9.1552734E-5
9.1552734E-5
1.2207031E-4
1.2207031E-4
1.8310547E-4
1.8310547E-4
1.5258789E-4
1.5258789E-4
2.1362305E-4
2.1362305E-4
1.2207031E-4
1.2207031E-4
2.1362305E-4
2.1362305E-4
1.8310547E-4
1.8310547E-4
1.5258789E-4
1.5258789E-4
3.9672852E-4
3.9672852E-4
1.8310547E-4
1.8310547E-4
3.3569336E-4
3.3569336E-4
2.746582E-4
2.746582E-4
3.0517578E-4
3.0517578E-4
2.746582E-4
2.746582E-4
3.0517578E-4
3.0517578E-4
3.0517578E-4
3.0517578E-4
3.3569336E-4
3.3569336E-4
3.3569336E-4
3.3569336E-4
3.6621094E-4
3.6621094E-4
4.272461E-4
4.272461E-4
3.6621094E-4
3.6621094E-4
3.6621094E-4
3.6621094E-4
3.6621094E-4
3.6621094E-4
4.272461E-4
4.272461E-4
3.9672852E-4
3.9672852E-4
4.5776367E-4
4.5776367E-4
3.6621094E-4
3.6621094E-4
4.5776367E-4
4.5776367E-4
4.272461E-4
4.272461E-4
3.9672852E-4
3.9672852E-4
3.9672852E-4
3.9672852E-4
4.8828125E-4
4.8828125E-4
3.9672852E-4
3.9672852E-4
4.272461E-4
4.272461E-4
4.272461E-4
4.272461E-4
3.0517578E-4
3.0517578E-4
4.5776367E-4
4.5776367E-4
4.272461E-4
4.272461E-4
3.9672852E-4
3.9672852E-4
3.9672852E-4
3.9672852E-4
4.5776367E-4
4.5776367E-4
4.5776367E-4
4.5776367E-4
5.187988E-4
5.187988E-4
5.493164E-4
5.493164E-4
4.8828125E-4
4.8828125E-4
4.8828125E-4
4.8828125E-4
4.5776367E-4
4.5776367E-4
4.8828125E-4
4.8828125E-4
5.493164E-4
5.493164E-4
4.8828125E-4
4.8828125E-4
4.5776367E-4
4.5776367E-4
5.79834E-4
5.79834E-4
4.8828125E-4
4.8828125E-4
5.187988E-4
5.187988E-4
4.5776367E-4
4.5776367E-4
3.6621094E-4
3.6621094E-4
4.272461E-4
4.272461E-4
4.272461E-4
4.272461E-4
3.6621094E-4
3.6621094E-4
3.9672852E-4
3.9672852E-4
3.6621094E-4
3.6621094E-4
3.9672852E-4
3.9672852E-4
3.9672852E-4
3.9672852E-4
4.272461E-4
4.272461E-4
3.3569336E-4
3.3569336E-4
3.0517578E-4
3.0517578E-4
3.6621094E-4
3.6621094E-4
4.272461E-4
4.272461E-4
3.6621094E-4
3.6621094E-4
3.3569336E-4
3.3569336E-4
2.746582E-4
2.746582E-4
2.4414062E-4
2.4414062E-4
2.1362305E-4
2.1362305E-4
3.0517578E-4
3.0517578E-4
2.1362305E-4
2.1362305E-4
2.1362305E-4
2.1362305E-4
1.5258789E-4
1.5258789E-4
2.4414062E-4
2.4414062E-4
3.0517578E-4
3.0517578E-4
2.4414062E-4
2.4414062E-4
2.1362305E-4
2.1362305E-4
1.8310547E-4
1.8310547E-4
1.2207031E-4
1.2207031E-4
1.5258789E-4
1.5258789E-4
6.1035156E-5
6.1035156E-5
9.1552734E-5
9.1552734E-5
9.1552734E-5
9.1552734E-5
9.1552734E-5
9.1552734E-5
6.1035156E-5
6.1035156E-5
3.0517578E-5
3.0517578E-5
1.8310547E-4
1.8310547E-4
3.0517578E-5
3.0517578E-5
3.0517578E-5
3.0517578E-5
-3.0517578E-5
-3.0517578E-5
3.0517578E-5
3.0517578E-5
0.0
0.0
-3.0517578E-5
-3.0517578E-5
-6.1035156E-5
-6.1035156E-5
0.0
0.0
3.0517578E-5
3.0517578E-5
-1.2207031E-4
-1.2207031E-4
0.0
0.0
9.1552734E-5
9.1552734E-5
0.0
0.0
-6.1035156E-5
-6.1035156E-5
-6.1035156E-5
-6.1035156E-5
-3.0517578E-5
-3.0517578E-5
-1.2207031E-4
-1.2207031E-4
-9.1552734E-5
-9.1552734E-5
-6.1035156E-5
-6.1035156E-5
-1.5258789E-4
-1.5258789E-4
-3.0517578E-5
-3.0517578E-5
-9.1552734E-5
-9.1552734E-5
-1.2207031E-4
-1.2207031E-4
-1.2207031E-4
-1.2207031E-4
-1.5258789E-4
-1.5258789E-4
-1.5258789E-4
-1.5258789E-4
-1.2207031E-4
-1.2207031E-4
-1.2207031E-4
-1.2207031E-4
-1.5258789E-4
-1.5258789E-4
-2.1362305E-4
-2.1362305E-4
-2.4414062E-4
-2.4414062E-4
-1.8310547E-4
-1.8310547E-4
-2.746582E-4
-2.746582E-4
-1.5258789E-4
-1.5258789E-4
0.0
0.0
-1.8310547E-4
-1.8310547E-4
-1.5258789E-4
-1.5258789E-4
-1.8310547E-4
-1.8310547E-4
-1.5258789E-4
-1.5258789E-4
-2.746582E-4
-2.746582E-4
-2.4414062E-4
-2.4414062E-4
-2.4414062E-4
-2.4414062E-4
-3.0517578E-4
-3.0517578E-4
-2.746582E-4
-2.746582E-4
-2.4414062E-4
-2.4414062E-4
-2.1362305E-4
-2.1362305E-4
-2.1362305E-4
-2.1362305E-4
-2.4414062E-4
-2.4414062E-4
-2.746582E-4
-2.746582E-4
-2.746582E-4
-2.746582E-4
-3.0517578E-4
-3.0517578E-4
-2.4414062E-4
-2.4414062E-4
-2.4414062E-4
-2.4414062E-4
-2.4414062E-4
-2.4414062E-4
-3.0517578E-4
-3.0517578E-4
-2.746582E-4
-2.746582E-4
-2.4414062E-4
-2.4414062E-4
-2.1362305E-4
-2.1362305E-4
-3.0517578E-4
-3.0517578E-4
-3.0517578E-4
-3.0517578E-4
-3.6621094E-4
-3.6621094E-4
-2.4414062E-4
-2.4414062E-4
-3.3569336E-4
-3.3569336E-4
-3.0517578E-4
-3.0517578E-4
-2.1362305E-4
-2.1362305E-4
-3.6621094E-4
-3.6621094E-4
-3.3569336E-4
-3.3569336E-4
-3.0517578E-4
-3.0517578E-4
-2.4414062E-4
-2.4414062E-4
-3.3569336E-4
-3.3569336E-4
-2.4414062E-4
-2.4414062E-4
-3.3569336E-4
-3.3569336E-4
-3.0517578E-4
-3.0517578E-4
-3.3569336E-4
-3.3569336E-4
-2.1362305E-4
-2.1362305E-4
-1.8310547E-4
-1.8310547E-4
-2.4414062E-4
-2.4414062E-4
-3.6621094E-4
-3.6621094E-4
-1.8310547E-4
-1.8310547E-4
-2.746582E-4
-2.746582E-4
-2.1362305E-4
-2.1362305E-4
-3.6621094E-4
-3.6621094E-4
-1.8310547E-4
-1.8310547E-4
-2.4414062E-4
-2.4414062E-4
-1.5258789E-4
-1.5258789E-4
-2.1362305E-4
-2.1362305E-4
-2.4414062E-4
-2.4414062E-4
-2.4414062E-4
-2.4414062E-4
-2.4414062E-4
-2.4414062E-4
-1.8310547E-4
-1.8310547E-4
-1.8310547E-4
-1.8310547E-4
-2.4414062E-4
-2.4414062E-4
-2.1362305E-4
-2.1362305E-4
-3.0517578E-4
-3.0517578E-4
-2.4414062E-4
-2.4414062E-4
-1.8310547E-4
-1.8310547E-4
-2.746582E-4
-2.746582E-4
-2.1362305E-4
-2.1362305E-4
-2.1362305E-4
-2.1362305E-4
-1.5258789E-4
-1.5258789E-4
-1.8310547E-4
-1.8310547E-4
-1.5258789E-4
-1.5258789E-4
-1.8310547E-4
-1.8310547E-4
-9.1552734E-5
-9.1552734E-5
-9.1552734E-5
-9.1552734E-5
-1.8310547E-4
-1.8310547E-4
0.0
0.0
-1.2207031E-4
-1.2207031E-4
-1.5258789E-4
-1.5258789E-4
-6.1035156E-5
-6.1035156E-5
-2.1362305E-4
-2.1362305E-4
-9.1552734E-5
-9.1552734E-5
-6.1035156E-5
-6.1035156E-5
-1.5258789E-4
-1.5258789E-4
-9.1552734E-5
-9.1552734E-5
0.0
0.0
0.0
0.0
-3.0517578E-5
-3.0517578E-5
0.0
0.0
-3.0517578E-5
-3.0517578E-5
-6.1035156E-5
-6.1035156E-5
0.0
0.0
-9.1552734E-5
-9.1552734E-5
-3.0517578E-5
-3.0517578E-5
0.0
0.0
0.0
0.0
-3.0517578E-5
-3.0517578E-5
-3.0517578E-5
-3.0517578E-5
-9.1552734E-5
-9.1552734E-5
-6.1035156E-5
-6.1035156E-5
-9.1552734E-5
-9.1552734E-5
0.0
0.0
-9.1552734E-5
-9.1552734E-5
0.0
0.0
6.1035156E-5
6.1035156E-5
3.0517578E-5
3.0517578E-5
0.0
0.0
0.0
0.0
6.1035156E-5
6.1035156E-5
0.0
0.0
-3.0517578E-5
-3.0517578E-5
-3.0517578E-5
-3.0517578E-5
3.0517578E-5
3.0517578E-5
0.0
0.0
3.0517578E-5
3.0517578E-5
6.1035156E-5
6.1035156E-5
9.1552734E-5
9.1552734E-5
9.1552734E-5
9.1552734E-5
3.0517578E-5
3.0517578E-5
6.1035156E-5
6.1035156E-5
6.1035156E-5
6.1035156E-5
6.1035156E-5
6.1035156E-5
9.1552734E-5
9.1552734E-5
6.1035156E-5
6.1035156E-5
6.1035156E-5
6.1035156E-5
1.2207031E-4
1.2207031E-4
1.2207031E-4
1.2207031E-4
6.1035156E-5
6.1035156E-5
6.1035156E-5
6.1035156E-5
3.0517578E-5
3.0517578E-5
1.5258789E-4
1.5258789E-4
1.2207031E-4
1.2207031E-4
1.2207031E-4
1.2207031E-4
9.1552734E-5
9.1552734E-5
3.0517578E-5
3.0517578E-5
1.5258789E-4
1.5258789E-4
1.5258789E-4
1.5258789E-4
1.8310547E-4
1.8310547E-4
6.1035156E-5
6.1035156E-5
9.1552734E-5
9.1552734E-5
9.1552734E-5
9.1552734E-5
1.2207031E-4
1.2207031E-4
1.2207031E-4
1.2207031E-4
3.0517578E-5
3.0517578E-5
3.0517578E-5
3.0517578E-5
3.0517578E-5
3.0517578E-5
0.0
0.0
6.1035156E-5
6.1035156E-5
6.1035156E-5
6.1035156E-5
6.1035156E-5
6.1035156E-5
1.2207031E-4
1.2207031E-4
3.0517578E-5
3.0517578E-5
9.1552734E-5
9.1552734E-5
1.2207031E-4
1.2207031E-4
1.2207031E-4
1.2207031E-4
3.0517578E-5
3.0517578E-5
1.2207031E-4
1.2207031E-4
3.0517578E-5
3.0517578E-5
2.1362305E-4
2.1362305E-4
1.2207031E-4
1.2207031E-4
9.1552734E-5
9.1552734E-5
1.2207031E-4
1.2207031E-4
9.1552734E-5
9.1552734E-5
1.2207031E-4
1.2207031E-4
1.2207031E-4
1.2207031E-4
3.0517578E-5
3.0517578E-5
6.1035156E-5
6.1035156E-5
6.1035156E-5
6.1035156E-5
1.2207031E-4
1.2207031E-4
1.5258789E-4
1.5258789E-4
3.0517578E-5
3.0517578E-5
3.0517578E-5
3.0517578E-5
9.1552734E-5
9.1552734E-5
3.0517578E-5
3.0517578E-5
3.0517578E-5
3.0517578E-5
6.1035156E-5
6.1035156E-5
1.2207031E-4
1.2207031E-4
6.1035156E-5
6.1035156E-5
1.2207031E-4
1.2207031E-4
6.1035156E-5
6.1035156E-5
9.1552734E-5
9.1552734E-5
1.5258789E-4
1.5258789E-4
9.1552734E-5
9.1552734E-5
9.1552734E-5
9.1552734E-5
3.0517578E-5
3.0517578E-5
9.1552734E-5
9.1552734E-5
9.1552734E-5
9.1552734E-5
9.1552734E-5
9.1552734E-5
1.5258789E-4
1.5258789E-4
6.1035156E-5
6.1035156E-5
6.1035156E-5
6.1035156E-5
1.2207031E-4
1.2207031E-4
6.1035156E-5
6.1035156E-5
1.5258789E-4
1.5258789E-4
6.1035156E-5
6.1035156E-5
9.1552734E-5
9.1552734E-5
1.2207031E-4
1.2207031E-4
9.1552734E-5
9.1552734E-5
9.1552734E-5
9.1552734E-5
3.0517578E-5
3.0517578E-5
9.1552734E-5
9.1552734E-5
0.0
0.0
6.1035156E-5
6.1035156E-5
1.5258789E-4
1.5258789E-4
3.0517578E-5
3.0517578E-5
9.1552734E-5
9.1552734E-5
6.1035156E-5
6.1035156E-5
9.1552734E-5
9.1552734E-5
3.0517578E-5
3.0517578E-5
6.1035156E-5
6.1035156E-5
6.1035156E-5
6.1035156E-5
3.0517578E-5
3.0517578E-5
6.1035156E-5
6.1035156E-5
0.0
0.0
3.0517578E-5
3.0517578E-5
3.0517578E-5
3.0517578E-5
6.1035156E-5
6.1035156E-5
0.0
0.0
3.0517578E-5
3.0517578E-5
1.5258789E-4
1.5258789E-4
0.0
0.0
-3.0517578E-5
-3.0517578E-5
6.1035156E-5
6.1035156E-5
3.0517578E-5
3.0517578E-5
0.0
0.0
6.1035156E-5
6.1035156E-5
6.1035156E-5
6.1035156E-5
-3.0517578E-5
-3.0517578E-5
0.0
0.0
3.0517578E-5
3.0517578E-5
6.1035156E-5
6.1035156E-5
0.0
0.0
0.0
0.0
0.0
0.0
-3.0517578E-5
-3.0517578E-5
0.0
0.0
-3.0517578E-5
-3.0517578E-5
-3.0517578E-5
-3.0517578E-5
0.0
0.0
0.0
0.0
0.0
0.0
-3.0517578E-5
-3.0517578E-5
0.0
0.0
0.0
0.0
-3.0517578E-5
-3.0517578E-5
-9.1552734E-5
-9.1552734E-5
0.0
0.0
-6.1035156E-5
-6.1035156E-5
-3.0517578E-5
-3.0517578E-5
-6.1035156E-5
-6.1035156E-5
-6.1035156E-5
-6.1035156E-5
-3.0517578E-5
-3.0517578E-5
-3.0517578E-5
-3.0517578E-5
-9.1552734E-5
-9.1552734E-5
-6.1035156E-5
-6.1035156E-5
-9.1552734E-5
-9.1552734E-5
0.0
0.0
-6.1035156E-5
-6.1035156E-5
-6.1035156E-5
-6.1035156E-5
-9.1552734E-5
-9.1552734E-5
-9.1552734E-5
-9.1552734E-5
-3.0517578E-5
-3.0517578E-5
-6.1035156E-5
-6.1035156E-5
-6.1035156E-5
-6.1035156E-5
-6.1035156E-5
-6.1035156E-5
-9.1552734E-5
-9.1552734E-5
0.0
0.0
0.0
0.0
-6.1035156E-5
-6.1035156E-5
0.0
0.0
-3.0517578E-5
-3.0517578E-5
-6.1035156E-5
-6.1035156E-5
-3.0517578E-5
-3.0517578E-5
-3.0517578E-5
-3.0517578E-5
-3.0517578E-5
-3.0517578E-5
0.0
0.0
0.0
0.0
-6.1035156E-5
-6.1035156E-5
-3.0517578E-5
-3.0517578E-5
3.0517578E-5
3.0517578E-5
-6.1035156E-5
-6.1035156E-5
-1.2207031E-4
-1.2207031E-4
-6.1035156E-5
-6.1035156E-5
-6.1035156E-5
-6.1035156E-5
-6.1035156E-5
-6.1035156E-5
-3.0517578E-5
-3.0517578E-5
-3.0517578E-5
-3.0517578E-5
-3.0517578E-5
-3.0517578E-5
0.0
0.0
-9.1552734E-5
-9.1552734E-5
0.0
0.0
0.0
0.0
-3.0517578E-5
-3.0517578E-5
0.0
0.0
0.0
0.0
3.0517578E-5
3.0517578E-5
0.0
0.0
-3.0517578E-5
-3.0517578E-5
3.0517578E-5
3.0517578E-5
0.0
0.0
-9.1552734E-5
-9.1552734E-5
0.0
0.0
-3.0517578E-5
-3.0517578E-5
0.0
0.0
0.0
0.0
-3.0517578E-5
-3.0517578E-5
-3.0517578E-5
-3.0517578E-5
0.0
0.0
0.0
0.0
-3.0517578E-5
-3.0517578E-5
3.0517578E-5
3.0517578E-5
0.0
0.0
0.0
0.0
0.0
0.0
0.0
0.0
3.0517578E-5
3.0517578E-5
0.0
0.0
3.0517578E-5
3.0517578E-5
6.1035156E-5
6.1035156E-5
0.0
0.0
0.0
0.0
0.0
0.0
0.0
0.0
0.0
0.0
0.0
0.0
-6.1035156E-5
-6.1035156E-5
0.0
0.0
0.0
0.0
-3.0517578E-5
-3.0517578E-5
0.0
0.0
3.0517578E-5
3.0517578E-5
0.0
0.0
-3.0517578E-5
-3.0517578E-5
0.0
0.0
0.0
0.0
0.0
0.0
0.0
0.0
0.0
0.0
0.0
0.0
0.0
0.0
3.0517578E-5
3.0517578E-5
0.0
0.0
0.0
0.0
0.0
0.0
0.0
0.0
0.0
0.0
0.0
0.0
0.0
0.0
0.0
0.0
0.0
0.0
-3.0517578E-5
-3.0517578E-5
0.0
0.0
6.1035156E-5
6.1035156E-5
-3.0517578E-5
-3.0517578E-5
6.1035156E-5
6.1035156E-5
6.1035156E-5
6.1035156E-5
0.0
0.0
3.0517578E-5
3.0517578E-5
3.0517578E-5
3.0517578E-5
0.0
0.0
0.0
0.0
0.0
0.0
-6.1035156E-5
-6.1035156E-5
3.0517578E-5
3.0517578E-5
3.0517578E-5
3.0517578E-5
6.1035156E-5
6.1035156E-5
3.0517578E-5
3.0517578E-5
3.0517578E-5
3.0517578E-5
3.0517578E-5
3.0517578E-5
1.2207031E-4
1.2207031E-4
-3.0517578E-5
-3.0517578E-5
3.0517578E-5
3.0517578E-5
0.0
0.0
3.0517578E-5
3.0517578E-5
3.0517578E-5
3.0517578E-5
3.0517578E-5
3.0517578E-5
0.0
0.0
6.1035156E-5
6.1035156E-5
3.0517578E-5
3.0517578E-5
0.0
0.0
0.0
0.0
3.0517578E-5
3.0517578E-5
3.0517578E-5
3.0517578E-5
3.0517578E-5
3.0517578E-5
3.0517578E-5
3.0517578E-5
3.0517578E-5
3.0517578E-5
0.0
0.0
3.0517578E-5
3.0517578E-5
6.1035156E-5
6.1035156E-5
3.0517578E-5
3.0517578E-5
0.0
0.0
3.0517578E-5
3.0517578E-5
0.0
0.0
0.0
0.0
6.1035156E-5
6.1035156E-5
6.1035156E-5
6.1035156E-5
3.0517578E-5
3.0517578E-5
3.0517578E-5
3.0517578E-5
3.0517578E-5
3.0517578E-5
0.0
0.0
1.2207031E-4
1.2207031E-4
6.1035156E-5
6.1035156E-5
3.0517578E-5
3.0517578E-5
9.1552734E-5
9.1552734E-5
6.1035156E-5
6.1035156E-5
1.2207031E-4
1.2207031E-4
6.1035156E-5
6.1035156E-5
3.0517578E-5
3.0517578E-5
0.0
0.0
6.1035156E-5
6.1035156E-5
9.1552734E-5
9.1552734E-5
3.0517578E-5
3.0517578E-5
6.1035156E-5
6.1035156E-5
0.0
0.0
3.0517578E-5
3.0517578E-5
0.0
0.0
0.0
0.0
0.0
0.0
0.0
0.0
0.0
0.0
3.0517578E-5
3.0517578E-5
0.0
0.0
0.0
0.0
6.1035156E-5
6.1035156E-5
3.0517578E-5
3.0517578E-5
-3.0517578E-5
-3.0517578E-5
0.0
0.0
0.0
0.0
0.0
0.0
0.0
0.0
0.0
0.0
0.0
0.0
-3.0517578E-5
-3.0517578E-5
0.0
0.0
3.0517578E-5
3.0517578E-5
0.0
0.0
-3.0517578E-5
-3.0517578E-5
-6.1035156E-5
-6.1035156E-5
3.0517578E-5
3.0517578E-5
3.0517578E-5
3.0517578E-5
0.0
0.0
0.0
0.0
3.0517578E-5
3.0517578E-5
0.0
0.0
0.0
0.0
0.0
0.0
-3.0517578E-5
-3.0517578E-5
0.0
0.0
-3.0517578E-5
-3.0517578E-5
0.0
0.0
0.0
0.0
-3.0517578E-5
-3.0517578E-5
0.0
0.0
0.0
0.0
0.0
0.0
0.0
0.0
-3.0517578E-5
-3.0517578E-5
0.0
0.0
-3.0517578E-5
-3.0517578E-5
-3.0517578E-5
-3.0517578E-5
-6.1035156E-5
-6.1035156E-5
0.0
0.0
0.0
0.0
0.0
0.0
0.0
0.0
-3.0517578E-5
-3.0517578E-5
-3.0517578E-5
-3.0517578E-5
-3.0517578E-5
-3.0517578E-5
0.0
0.0
-3.0517578E-5
-3.0517578E-5
-3.0517578E-5
-3.0517578E-5
0.0
0.0
-3.0517578E-5
-3.0517578E-5
-6.1035156E-5
-6.1035156E-5
-3.0517578E-5
-3.0517578E-5
-3.0517578E-5
-3.0517578E-5
-6.1035156E-5
-6.1035156E-5
-3.0517578E-5
-3.0517578E-5
-3.0517578E-5
-3.0517578E-5
-3.0517578E-5
-3.0517578E-5
-3.0517578E-5
-3.0517578E-5
-6.1035156E-5
-6.1035156E-5
-6.1035156E-5
-6.1035156E-5
-6.1035156E-5
-6.1035156E-5
-9.1552734E-5
-9.1552734E-5
-6.1035156E-5
-6.1035156E-5
-6.1035156E-5
-6.1035156E-5
-9.1552734E-5
-9.1552734E-5
-3.0517578E-5
-3.0517578E-5
-3.0517578E-5
-3.0517578E-5
-6.1035156E-5
-6.1035156E-5
-6.1035156E-5
-6.1035156E-5
-3.0517578E-5
-3.0517578E-5
-3.0517578E-5
-3.0517578E-5
-6.1035156E-5
-6.1035156E-5
-3.0517578E-5
-3.0517578E-5
-3.0517578E-5
-3.0517578E-5
-3.0517578E-5
-3.0517578E-5
-6.1035156E-5
-6.1035156E-5
-6.1035156E-5
-6.1035156E-5
-3.0517578E-5
-3.0517578E-5
-6.1035156E-5
-6.1035156E-5
-6.1035156E-5
-6.1035156E-5
-9.1552734E-5
-9.1552734E-5
-3.0517578E-5
-3.0517578E-5
-3.0517578E-5
-3.0517578E-5
-1.2207031E-4
-1.2207031E-4
0.0
0.0
-9.1552734E-5
-9.1552734E-5
-6.1035156E-5
-6.1035156E-5
-6.1035156E-5
-6.1035156E-5
-6.1035156E-5
-6.1035156E-5
-9.1552734E-5
-9.1552734E-5
-6.1035156E-5
-6.1035156E-5
-9.1552734E-5
-9.1552734E-5
-9.1552734E-5
-9.1552734E-5
-3.0517578E-5
-3.0517578E-5
-3.0517578E-5
-3.0517578E-5
-6.1035156E-5
-6.1035156E-5
-6.1035156E-5
-6.1035156E-5
-3.0517578E-5
-3.0517578E-5
-3.0517578E-5
-3.0517578E-5
-6.1035156E-5
-6.1035156E-5
-6.1035156E-5
-6.1035156E-5
0.0
0.0
0.0
0.0
-9.1552734E-5
-9.1552734E-5
0.0
0.0
0.0
0.0
-3.0517578E-5
-3.0517578E-5
-3.0517578E-5
-3.0517578E-5
0.0
0.0
0.0
0.0
-3.0517578E-5
-3.0517578E-5
0.0
0.0
0.0
0.0
0.0
0.0
0.0
0.0
0.0
0.0
3.0517578E-5
3.0517578E-5
0.0
0.0
3.0517578E-5
3.0517578E-5
-3.0517578E-5
-3.0517578E-5
3.0517578E-5
3.0517578E-5
0.0
0.0
3.0517578E-5
3.0517578E-5
9.1552734E-5
9.1552734E-5
6.1035156E-5
6.1035156E-5
0.0
0.0
6.1035156E-5
6.1035156E-5
6.1035156E-5
6.1035156E-5
9.1552734E-5
9.1552734E-5
6.1035156E-5
6.1035156E-5
3.0517578E-5
3.0517578E-5
1.2207031E-4
1.2207031E-4
6.1035156E-5
6.1035156E-5
6.1035156E-5
6.1035156E-5
3.0517578E-5
3.0517578E-5
6.1035156E-5
6.1035156E-5
6.1035156E-5
6.1035156E-5
9.1552734E-5
9.1552734E-5
9.1552734E-5
9.1552734E-5
6.1035156E-5
6.1035156E-5
6.1035156E-5
6.1035156E-5
6.1035156E-5
6.1035156E-5
9.1552734E-5
9.1552734E-5
6.1035156E-5
6.1035156E-5
6.1035156E-5
6.1035156E-5
0.0
0.0
6.1035156E-5
6.1035156E-5
9.1552734E-5
9.1552734E-5
9.1552734E-5
9.1552734E-5
6.1035156E-5
6.1035156E-5
6.1035156E-5
6.1035156E-5
6.1035156E-5
6.1035156E-5
6.1035156E-5
6.1035156E-5
3.0517578E-5
3.0517578E-5
9.1552734E-5
9.1552734E-5
3.0517578E-5
3.0517578E-5
3.0517578E-5
3.0517578E-5
6.1035156E-5
6.1035156E-5
3.0517578E-5
3.0517578E-5
3.0517578E-5
3.0517578E-5
3.0517578E-5
3.0517578E-5
3.0517578E-5
3.0517578E-5
3.0517578E-5
3.0517578E-5
3.0517578E-5
3.0517578E-5
0.0
0.0
0.0
0.0
3.0517578E-5
3.0517578E-5
0.0
0.0
3.0517578E-5
3.0517578E-5
3.0517578E-5
3.0517578E-5
0.0
0.0
0.0
0.0
3.0517578E-5
3.0517578E-5
3.0517578E-5
3.0517578E-5
6.1035156E-5
6.1035156E-5
3.0517578E-5
3.0517578E-5
3.0517578E-5
3.0517578E-5
0.0
0.0
0.0
0.0
0.0
0.0
0.0
0.0
0.0
0.0
3.0517578E-5
3.0517578E-5
3.0517578E-5
3.0517578E-5
3.0517578E-5
3.0517578E-5
3.0517578E-5
3.0517578E-5
0.0
0.0
6.1035156E-5
6.1035156E-5
3.0517578E-5
3.0517578E-5
0.0
0.0
0.0
0.0
3.0517578E-5
3.0517578E-5
0.0
0.0
0.0
0.0
3.0517578E-5
3.0517578E-5
0.0
0.0
3.0517578E-5
3.0517578E-5
0.0
0.0
0.0
0.0
0.0
0.0
3.0517578E-5
3.0517578E-5
0.0
0.0
0.0
0.0
0.0
0.0
0.0
0.0
3.0517578E-5
3.0517578E-5
3.0517578E-5
3.0517578E-5
0.0
0.0
0.0
0.0
0.0
0.0
0.0
0.0
0.0
0.0
0.0
0.0
0.0
0.0
0.0
0.0
0.0
0.0
0.0
0.0
0.0
0.0
0.0
0.0
0.0
0.0
0.0
0.0
0.0
0.0
-3.0517578E-5
-3.0517578E-5
0.0
0.0
0.0
0.0
0.0
0.0
0.0
0.0
-3.0517578E-5
-3.0517578E-5
0.0
0.0
-3.0517578E-5
-3.0517578E-5
-3.0517578E-5
-3.0517578E-5
0.0
0.0
0.0
0.0
0.0
0.0
0.0
0.0
-3.0517578E-5
-3.0517578E-5
0.0
0.0
0.0
0.0
0.0
0.0
0.0
0.0
-3.0517578E-5
-3.0517578E-5
0.0
0.0
-3.0517578E-5
-3.0517578E-5
-3.0517578E-5
-3.0517578E-5
0.0
0.0
0.0
0.0
-3.0517578E-5
-3.0517578E-5
0.0
0.0
0.0
0.0
0.0
0.0
0.0
0.0
-3.0517578E-5
-3.0517578E-5
0.0
0.0
-3.0517578E-5
-3.0517578E-5
0.0
0.0
-3.0517578E-5
-3.0517578E-5
-3.0517578E-5
-3.0517578E-5
-3.0517578E-5
-3.0517578E-5
-3.0517578E-5
-3.0517578E-5
-3.0517578E-5
-3.0517578E-5
-3.0517578E-5
-3.0517578E-5
-6.1035156E-5
-6.1035156E-5
-6.1035156E-5
-6.1035156E-5
-3.0517578E-5
-3.0517578E-5
-6.1035156E-5
-6.1035156E-5
-3.0517578E-5
-3.0517578E-5
0.0
0.0
-3.0517578E-5
-3.0517578E-5
-3.0517578E-5
-3.0517578E-5
-3.0517578E-5
-3.0517578E-5
0.0
0.0
-3.0517578E-5
-3.0517578E-5
-3.0517578E-5
-3.0517578E-5
-6.1035156E-5
-6.1035156E-5
0.0
0.0
0.0
0.0
0.0
0.0
-3.0517578E-5
-3.0517578E-5
-3.0517578E-5
-3.0517578E-5
-3.0517578E-5
-3.0517578E-5
0.0
0.0
-3.0517578E-5
-3.0517578E-5
0.0
0.0
-3.0517578E-5
-3.0517578E-5
-3.0517578E-5
-3.0517578E-5
0.0
0.0
-3.0517578E-5
-3.0517578E-5
0.0
0.0
0.0
0.0
0.0
0.0
0.0
0.0
0.0
0.0
0.0
0.0
0.0
0.0
0.0
0.0
0.0
0.0
0.0
0.0
0.0
0.0
0.0
0.0
0.0
0.0
3.0517578E-5
3.0517578E-5
0.0
0.0
0.0
0.0
0.0
0.0
0.0
0.0
0.0
0.0
0.0
0.0
0.0
0.0
0.0
0.0
0.0
0.0
0.0
0.0
0.0
0.0
0.0
0.0
0.0
0.0
0.0
0.0
0.0
0.0
0.0
0.0
0.0
0.0
0.0
0.0
0.0
0.0
0.0
0.0
-3.0517578E-5
-3.0517578E-5
0.0
0.0
0.0
0.0
-3.0517578E-5
-3.0517578E-5
0.0
0.0
0.0
0.0
0.0
0.0
-3.0517578E-5
-3.0517578E-5
0.0
0.0
0.0
0.0
0.0
0.0
-3.0517578E-5
-3.0517578E-5
-3.0517578E-5
-3.0517578E-5
-3.0517578E-5
-3.0517578E-5
0.0
0.0
0.0
0.0
0.0
0.0
-3.0517578E-5
-3.0517578E-5
-3.0517578E-5
-3.0517578E-5
0.0
0.0
-3.0517578E-5
-3.0517578E-5
0.0
0.0
-3.0517578E-5
-3.0517578E-5
0.0
0.0
0.0
0.0
0.0
0.0
0.0
0.0
0.0
0.0
-3.0517578E-5
-3.0517578E-5
0.0
0.0
0.0
0.0
0.0
0.0
0.0
0.0
-3.0517578E-5
-3.0517578E-5
0.0
0.0
0.0
0.0
0.0
0.0
0.0
0.0
-3.0517578E-5
-3.0517578E-5
0.0
0.0
-3.0517578E-5
-3.0517578E-5
0.0
0.0
0.0
0.0
0.0
0.0
0.0
0.0
0.0
0.0
0.0
0.0
0.0
0.0
0.0
0.0
0.0
0.0
0.0
0.0
0.0
0.0
0.0
0.0
0.0
0.0
0.0
0.0
0.0
0.0
0.0
0.0
0.0
0.0
0.0
0.0
0.0
0.0
0.0
0.0
0.0
0.0
0.0
0.0
0.0
0.0
0.0
0.0
0.0
0.0
0.0
0.0
0.0
0.0
0.0
0.0
0.0
0.0
0.0
0.0
0.0
0.0
0.0
0.0
0.0
0.0
0.0
0.0
0.0
0.0
0.0
0.0
3.0517578E-5
3.0517578E-5
0.0
0.0
0.0
0.0
0.0
0.0
0.0
0.0
0.0
0.0
0.0
0.0
0.0
0.0
0.0
0.0
0.0
0.0
0.0
0.0
0.0
0.0
0.0
0.0
3.0517578E-5
3.0517578E-5
0.0
0.0
0.0
0.0
0.0
0.0
3.0517578E-5
3.0517578E-5
3.0517578E-5
3.0517578E-5
0.0
0.0
0.0
0.0
3.0517578E-5
3.0517578E-5
0.0
0.0
0.0
0.0
0.0
0.0
0.0
0.0
0.0
0.0
0.0
0.0
0.0
0.0
0.0
0.0
0.0
0.0
0.0
0.0
0.0
0.0
0.0
0.0
0.0
0.0
0.0
0.0
0.0
0.0
0.0
0.0
0.0
0.0
0.0
0.0
0.0
0.0
0.0
0.0
0.0
0.0
0.0
0.0
0.0
0.0
0.0
0.0
0.0
0.0
0.0
0.0
0.0
0.0
0.0
0.0
0.0
0.0
0.0
0.0
0.0
0.0
0.0
0.0
0.0
0.0
0.0
0.0
0.0
0.0
0.0
0.0
0.0
0.0
0.0
0.0
0.0
0.0
0.0
0.0
0.0
0.0
0.0
0.0
0.0
0.0
0.0
0.0
0.0
0.0
0.0
0.0
0.0
0.0
0.0
0.0
0.0
0.0
0.0
0.0
0.0
0.0
0.0
0.0
0.0
0.0
0.0
0.0
0.0
0.0
0.0
0.0
0.0
0.0
0.0
0.0
0.0
0.0
0.0
0.0
0.0
0.0
0.0
0.0
0.0
0.0
0.0
0.0
0.0
0.0
0.0
0.0
0.0
0.0
0.0
0.0
0.0
0.0
0.0
0.0
0.0
0.0
0.0
0.0
0.0
0.0
0.0
0.0
0.0
0.0
0.0
0.0
0.0
0.0
0.0
0.0
0.0
0.0
0.0
0.0
0.0
0.0
0.0
0.0
0.0
0.0
0.0
0.0
0.0
0.0
0.0
0.0
0.0
0.0
0.0
0.0
0.0
0.0
0.0
0.0
0.0
0.0
0.0
0.0
0.0
0.0
0.0
0.0
0.0
0.0
0.0
0.0
0.0
0.0
0.0
0.0
0.0
0.0
0.0
0.0
0.0
0.0
0.0
0.0
0.0
0.0
0.0
0.0
0.0
0.0
0.0
0.0
0.0
0.0
0.0
0.0
0.0
0.0
0.0
0.0
0.0
0.0
0.0
0.0
0.0
0.0
0.0
0.0
0.0
0.0
0.0
0.0
0.0
0.0
0.0
0.0
0.0
0.0
0.0
0.0
0.0
0.0
0.0
0.0
0.0
0.0
0.0
0.0
0.0
0.0
0.0
0.0
0.0
0.0
0.0
0.0
0.0
0.0
0.0
0.0
0.0
0.0
0.0
0.0
0.0
0.0
0.0
0.0
0.0
0.0
0.0
0.0
0.0
0.0
0.0
0.0
0.0
0.0
0.0
0.0
0.0
0.0
0.0
0.0
0.0
0.0
0.0
0.0
0.0
0.0
0.0
0.0
0.0
0.0
0.0
0.0
0.0
0.0
0.0
0.0
0.0
0.0
0.0
0.0
0.0
0.0
0.0
0.0
0.0
0.0
0.0
0.0
0.0
0.0
0.0
0.0
0.0
0.0
