0.0
0.0
-0.0019226074
-0.0019226074
-0.024871826
-0.024871826
-0.04547119
-0.04547119
-0.06890869
-0.06890869
-0.075927734
-0.075927734
-0.0803833
-0.0803833
-0.08300781
-0.08300781
-0.085357666
-0.085357666
-0.0864563
-0.0864563
-0.085998535
-0.085998535
-0.08456421
-0.08456421
-0.083099365
-0.083099365
-0.07928467
-0.07928467
-0.074157715
-0.074157715
-0.06906128
-0.06906128
-0.063964844
-0.063964844
-0.06011963
-0.06011963
-0.057861328
-0.057861328
-0.055633545
-0.055633545
-0.051605225
-0.051605225
-0.042419434
-0.042419434
-0.028503418
-0.028503418
-0.008361816
-0.008361816
0.02142334
0.02142334
0.05895996
0.05895996
0.08584595
0.08584595
0.9239807
0.9239807
0.15457153
0.15457153
-0.14770508
-0.14770508
-0.62838745
-0.62838745
0.66171265
0.66171265
0.36209106
0.36209106
-0.7944641
-0.7944641
-0.64920044
-0.64920044
-0.75387573
-0.75387573
-0.400177
-0.400177
-0.40048218
-0.40048218
-0.20959473
-0.20959473
0.13415527
0.13415527
0.3093567
0.3093567
0.2703247
0.2703247
0.23480225
0.23480225
0.27514648
0.27514648
0.25109863
0.25109863
0.24520874
0.24520874
0.2581482
0.2581482
0.21691895
0.21691895
0.16027832
0.16027832
0.02420044
0.02420044
-0.21917725
-0.21917725
-0.39016724
-0.39016724
-0.48962402
-0.48962402
-0.47113037
-0.47113037
-0.39309692
-0.39309692
-0.27841187
-0.27841187
-0.16708374
-0.16708374
-0.05517578
-0.05517578
0.04837036
0.04837036
0.12036133
0.12036133
0.18081665
0.18081665
0.2131958
0.2131958
0.21713257
0.21713257
0.22241211
0.22241211
0.19088745
0.19088745
0.16769409
0.16769409
0.11715698
0.11715698
0.04977417
0.04977417
-0.0043640137
-0.0043640137
-0.0501709
-0.0501709
-0.0798645
-0.0798645
-0.11306763
-0.11306763
-0.13140869
-0.13140869
-0.1300354
-0.1300354
-0.13833618
-0.13833618
-0.12109375
-0.12109375
-0.099853516
-0.099853516
-0.0687561
-0.0687561
-0.033294678
-0.033294678
-0.0028686523
-0.0028686523
0.04159546
0.04159546
0.07199097
0.07199097
0.09744263
0.09744263
0.11706543
0.11706543
0.12423706
0.12423706
0.13137817
0.13137817
0.11557007
0.11557007
0.103759766
0.103759766
0.074523926
0.074523926
0.041992188
0.041992188
0.0065307617
0.0065307617
-0.030273438
-0.030273438
-0.05429077
-0.05429077
-0.07803345
-0.07803345
-0.08569336
-0.08569336
-0.08532715
-0.08532715
-0.08312988
-0.08312988
-0.07098389
-0.07098389
-0.054901123
-0.054901123
-0.039245605
-0.039245605
-0.015411377
-0.015411377
9.460449E-4
9.460449E-4
0.024383545
0.024383545
0.03982544
0.03982544
0.05407715
0.05407715
0.0657959
0.0657959
0.06427002
0.06427002
0.060424805
0.060424805
0.04699707
0.04699707
0.0357666
0.0357666
0.016052246
0.016052246
-6.713867E-4
-6.713867E-4
-0.017150879
-0.017150879
-0.03060913
-0.03060913
-0.03845215
-0.03845215
-0.04925537
-0.04925537
-0.05218506
-0.05218506
-0.051208496
-0.051208496
-0.048858643
-0.048858643
-0.038726807
-0.038726807
-0.027832031
-0.027832031
-0.017333984
-0.017333984
1.8310547E-4
1.8310547E-4
0.009277344
0.009277344
0.019195557
0.019195557
0.024627686
0.024627686
0.028137207
0.028137207
0.027618408
0.027618408
0.025299072
0.025299072
0.024017334
0.024017334
0.018249512
0.018249512
0.014434814
0.014434814
0.008270264
0.008270264
0.0019226074
0.0019226074
-0.0054016113
-0.0054016113
-0.01260376
-0.01260376
-0.017730713
-0.017730713
-0.0206604
-0.0206604
-0.022613525
-0.022613525
-0.018096924
-0.018096924
-0.016815186
-0.016815186
-0.009429932
-0.009429932
-0.004119873
-0.004119873
3.0517578E-4
3.0517578E-4
0.0065307617
0.0065307617
0.010498047
0.010498047
0.015075684
0.015075684
0.01828003
0.01828003
0.020721436
0.020721436
0.022583008
0.022583008
0.021636963
0.021636963
0.01928711
0.01928711
0.014862061
0.014862061
0.010040283
0.010040283
0.005218506
0.005218506
-0.0017089844
-0.0017089844
-0.004699707
-0.004699707
-0.009399414
-0.009399414
-0.010437012
-0.010437012
-0.013427734
-0.013427734
-0.01361084
-0.01361084
-0.012786865
-0.012786865
-0.012420654
-0.012420654
-0.010925293
-0.010925293
-0.008544922
-0.008544922
-0.0049743652
-0.0049743652
-0.0010986328
-0.0010986328
9.1552734E-4
9.1552734E-4
0.0032348633
0.0032348633
0.0042419434
0.0042419434
0.0051574707
0.0051574707
0.0049438477
0.0049438477
0.0034484863
0.0034484863
0.003753662
0.003753662
0.0010986328
0.0010986328
1.8310547E-4
1.8310547E-4
-0.0010986328
-0.0010986328
-0.0031433105
-0.0031433105
-0.004211426
-0.004211426
-0.007080078
-0.007080078
-0.008453369
-0.008453369
-0.008392334
-0.008392334
-0.008758545
-0.008758545
-0.0059509277
-0.0059509277
-0.0036315918
-0.0036315918
-0.0016784668
-0.0016784668
2.1362305E-4
2.1362305E-4
0.0021362305
0.0021362305
0.0036621094
0.0036621094
0.0040893555
0.0040893555
0.005554199
0.005554199
0.004547119
0.004547119
0.0049743652
0.0049743652
0.004638672
0.004638672
0.0049438477
0.0049438477
0.0038757324
0.0038757324
0.0028076172
0.0028076172
0.0014648438
0.0014648438
4.5776367E-4
4.5776367E-4
-2.746582E-4
-2.746582E-4
-7.019043E-4
-7.019043E-4
-7.9345703E-4
-7.9345703E-4
-5.187988E-4
-5.187988E-4
1.5258789E-4
1.5258789E-4
1.5258789E-4
1.5258789E-4
1.2207031E-4
1.2207031E-4
5.493164E-4
5.493164E-4
0.001373291
0.001373291
0.001739502
0.001739502
0.0022888184
0.0022888184
0.0025634766
0.0025634766
0.0028076172
0.0028076172
0.0034484863
0.0034484863
0.0024414062
0.0024414062
0.0024108887
0.0024108887
0.0018920898
0.0018920898
0.0011901855
0.0011901855
1.8310547E-4
1.8310547E-4
-7.9345703E-4
-7.9345703E-4
-0.0014953613
-0.0014953613
-0.0025024414
-0.0025024414
-0.00289917
-0.00289917
-0.0026855469
-0.0026855469
-0.0026855469
-0.0026855469
-0.002532959
-0.002532959
-0.0021972656
-0.0021972656
-9.765625E-4
-9.765625E-4
-0.0012817383
-0.0012817383
-6.1035156E-4
-6.1035156E-4
-1.2207031E-4
-1.2207031E-4
-1.5258789E-4
-1.5258789E-4
3.9672852E-4
3.9672852E-4
7.6293945E-4
7.6293945E-4
3.6621094E-4
3.6621094E-4
5.493164E-4
5.493164E-4
-2.746582E-4
-2.746582E-4
-3.9672852E-4
-3.9672852E-4
-4.272461E-4
-4.272461E-4
-2.746582E-4
-2.746582E-4
-1.8310547E-4
-1.8310547E-4
-6.4086914E-4
-6.4086914E-4
-5.493164E-4
-5.493164E-4
-0.0012207031
-0.0012207031
-0.0016784668
-0.0016784668
-0.0015258789
-0.0015258789
-0.0015258789
-0.0015258789
-0.0016784668
-0.0016784668
-0.0010375977
-0.0010375977
-0.0014648438
-0.0014648438
-4.5776367E-4
-4.5776367E-4
-0.0011291504
-0.0011291504
-4.5776367E-4
-4.5776367E-4
-9.765625E-4
-9.765625E-4
-9.1552734E-4
-9.1552734E-4
-3.3569336E-4
-3.3569336E-4
-5.187988E-4
-5.187988E-4
-4.5776367E-4
-4.5776367E-4
2.1362305E-4
2.1362305E-4
-1.2207031E-4
-1.2207031E-4
-1.5258789E-4
-1.5258789E-4
6.1035156E-5
6.1035156E-5
-2.4414062E-4
-2.4414062E-4
-3.6621094E-4
-3.6621094E-4
1.5258789E-4
1.5258789E-4
2.746582E-4
2.746582E-4
4.272461E-4
4.272461E-4
5.493164E-4
5.493164E-4
0.0012512207
0.0012512207
0.0013122559
0.0013122559
0.0012207031
0.0012207031
0.0012817383
0.0012817383
0.0010986328
0.0010986328
0.0013122559
0.0013122559
0.0012512207
0.0012512207
0.0014648438
0.0014648438
0.0014648438
0.0014648438
0.0019226074
0.0019226074
0.0014648438
0.0014648438
0.001953125
0.001953125
0.0016784668
0.0016784668
0.0014648438
0.0014648438
0.0014953613
0.0014953613
0.0015563965
0.0015563965
0.001159668
0.001159668
0.0013122559
0.0013122559
0.0010681152
0.0010681152
0.0011291504
0.0011291504
6.713867E-4
6.713867E-4
9.1552734E-4
9.1552734E-4
3.6621094E-4
3.6621094E-4
1.8310547E-4
1.8310547E-4
3.0517578E-5
3.0517578E-5
-6.1035156E-5
-6.1035156E-5
-4.8828125E-4
-4.8828125E-4
-6.1035156E-4
-6.1035156E-4
-4.5776367E-4
-4.5776367E-4
-7.019043E-4
-7.019043E-4
-0.0011291504
-0.0011291504
-0.0010070801
-0.0010070801
-0.0010986328
-0.0010986328
-0.0011901855
-0.0011901855
-0.0013122559
-0.0013122559
-0.0010070801
-0.0010070801
-0.0014038086
-0.0014038086
-0.0011291504
-0.0011291504
-0.0010070801
-0.0010070801
-0.0011291504
-0.0011291504
-8.8500977E-4
-8.8500977E-4
-9.460449E-4
-9.460449E-4
-8.544922E-4
-8.544922E-4
-8.544922E-4
-8.544922E-4
-8.239746E-4
-8.239746E-4
-7.6293945E-4
-7.6293945E-4
-7.019043E-4
-7.019043E-4
-8.8500977E-4
-8.8500977E-4
-8.8500977E-4
-8.8500977E-4
-7.6293945E-4
-7.6293945E-4
-9.1552734E-4
-9.1552734E-4
-9.1552734E-4
-9.1552734E-4
-7.324219E-4
-7.324219E-4
-5.79834E-4
-5.79834E-4
-4.5776367E-4
-4.5776367E-4
-4.272461E-4
-4.272461E-4
-3.3569336E-4
-3.3569336E-4
-3.0517578E-4
-3.0517578E-4
-2.4414062E-4
-2.4414062E-4
0.0
0.0
3.0517578E-5
3.0517578E-5
2.746582E-4
2.746582E-4
1.5258789E-4
1.5258789E-4
4.8828125E-4
4.8828125E-4
3.0517578E-4
3.0517578E-4
4.272461E-4
4.272461E-4
2.746582E-4
2.746582E-4
3.3569336E-4
3.3569336E-4
3.0517578E-4
3.0517578E-4
1.5258789E-4
1.5258789E-4
3.6621094E-4
3.6621094E-4
3.0517578E-4
3.0517578E-4
6.1035156E-4
6.1035156E-4
3.3569336E-4
3.3569336E-4
4.5776367E-4
4.5776367E-4
2.746582E-4
2.746582E-4
2.4414062E-4
2.4414062E-4
4.8828125E-4
4.8828125E-4
6.1035156E-4
6.1035156E-4
4.5776367E-4
4.5776367E-4
7.6293945E-4
7.6293945E-4
7.6293945E-4
7.6293945E-4
6.4086914E-4
6.4086914E-4
6.4086914E-4
6.4086914E-4
6.713867E-4
6.713867E-4
8.544922E-4
8.544922E-4
8.239746E-4
8.239746E-4
8.8500977E-4
8.8500977E-4
7.324219E-4
7.324219E-4
5.187988E-4
5.187988E-4
5.493164E-4
5.493164E-4
3.9672852E-4
3.9672852E-4
3.9672852E-4
3.9672852E-4
2.746582E-4
2.746582E-4
4.272461E-4
4.272461E-4
3.0517578E-4
3.0517578E-4
2.1362305E-4
2.1362305E-4
3.0517578E-4
3.0517578E-4
4.5776367E-4
4.5776367E-4
2.4414062E-4
2.4414062E-4
3.3569336E-4
3.3569336E-4
4.272461E-4
4.272461E-4
2.4414062E-4
2.4414062E-4
9.1552734E-5
9.1552734E-5
2.1362305E-4
2.1362305E-4
-6.1035156E-5
-6.1035156E-5
-6.1035156E-5
-6.1035156E-5
-2.1362305E-4
-2.1362305E-4
-1.5258789E-4
-1.5258789E-4
-4.5776367E-4
-4.5776367E-4
-4.5776367E-4
-4.5776367E-4
-4.272461E-4
-4.272461E-4
-7.019043E-4
-7.019043E-4
-7.324219E-4
-7.324219E-4
-6.4086914E-4
-6.4086914E-4
-5.187988E-4
-5.187988E-4
-5.187988E-4
-5.187988E-4
-4.8828125E-4
-4.8828125E-4
-6.4086914E-4
-6.4086914E-4
-5.79834E-4
-5.79834E-4
-3.6621094E-4
-3.6621094E-4
-4.5776367E-4
-4.5776367E-4
-5.187988E-4
-5.187988E-4
-2.746582E-4
-2.746582E-4
-2.1362305E-4
-2.1362305E-4
-1.8310547E-4
-1.8310547E-4
-9.1552734E-5
-9.1552734E-5
-2.746582E-4
-2.746582E-4
-2.4414062E-4
-2.4414062E-4
-1.2207031E-4
-1.2207031E-4
-1.2207031E-4
-1.2207031E-4
-1.8310547E-4
-1.8310547E-4
0.0
0.0
-1.2207031E-4
-1.2207031E-4
-6.1035156E-5
-6.1035156E-5
-9.1552734E-5
-9.1552734E-5
0.0
0.0
-6.1035156E-5
-6.1035156E-5
-1.2207031E-4
-1.2207031E-4
-3.0517578E-5
-3.0517578E-5
-3.0517578E-5
-3.0517578E-5
0.0
0.0
1.2207031E-4
1.2207031E-4
1.8310547E-4
1.8310547E-4
9.1552734E-5
9.1552734E-5
2.1362305E-4
2.1362305E-4
1.5258789E-4
1.5258789E-4
1.5258789E-4
1.5258789E-4
1.8310547E-4
1.8310547E-4
2.746582E-4
2.746582E-4
3.0517578E-4
3.0517578E-4
2.746582E-4
2.746582E-4
2.4414062E-4
2.4414062E-4
9.1552734E-5
9.1552734E-5
1.5258789E-4
1.5258789E-4
2.4414062E-4
2.4414062E-4
2.4414062E-4
2.4414062E-4
1.5258789E-4
1.5258789E-4
1.5258789E-4
1.5258789E-4
1.5258789E-4
1.5258789E-4
9.1552734E-5
9.1552734E-5
1.8310547E-4
1.8310547E-4
0.0
0.0
2.1362305E-4
2.1362305E-4
1.5258789E-4
1.5258789E-4
1.5258789E-4
1.5258789E-4
1.5258789E-4
1.5258789E-4
1.5258789E-4
1.5258789E-4
9.1552734E-5
9.1552734E-5
1.2207031E-4
1.2207031E-4
6.1035156E-5
6.1035156E-5
1.2207031E-4
1.2207031E-4
1.2207031E-4
1.2207031E-4
9.1552734E-5
9.1552734E-5
-9.1552734E-5
-9.1552734E-5
-1.2207031E-4
-1.2207031E-4
0.0
0.0
-1.8310547E-4
-1.8310547E-4
-2.746582E-4
-2.746582E-4
-4.272461E-4
-4.272461E-4
-4.8828125E-4
-4.8828125E-4
-3.3569336E-4
-3.3569336E-4
-4.5776367E-4
-4.5776367E-4
-4.5776367E-4
-4.5776367E-4
-4.272461E-4
-4.272461E-4
-3.6621094E-4
-3.6621094E-4
-2.746582E-4
-2.746582E-4
-4.5776367E-4
-4.5776367E-4
-3.0517578E-4
-3.0517578E-4
-2.4414062E-4
-2.4414062E-4
-2.1362305E-4
-2.1362305E-4
-3.3569336E-4
-3.3569336E-4
-2.4414062E-4
-2.4414062E-4
-1.8310547E-4
-1.8310547E-4
-1.2207031E-4
-1.2207031E-4
-1.2207031E-4
-1.2207031E-4
-3.0517578E-5
-3.0517578E-5
0.0
0.0
6.1035156E-5
6.1035156E-5
0.0
0.0
0.0
0.0
1.2207031E-4
1.2207031E-4
9.1552734E-5
9.1552734E-5
2.1362305E-4
2.1362305E-4
1.5258789E-4
1.5258789E-4
2.746582E-4
2.746582E-4
3.0517578E-4
3.0517578E-4
4.272461E-4
4.272461E-4
4.272461E-4
4.272461E-4
4.5776367E-4
4.5776367E-4
4.8828125E-4
4.8828125E-4
3.0517578E-4
3.0517578E-4
3.9672852E-4
3.9672852E-4
5.493164E-4
5.493164E-4
4.8828125E-4
4.8828125E-4
5.79834E-4
5.79834E-4
3.6621094E-4
3.6621094E-4
3.9672852E-4
3.9672852E-4
4.272461E-4
4.272461E-4
4.272461E-4
4.272461E-4
2.4414062E-4
2.4414062E-4
2.1362305E-4
2.1362305E-4
2.4414062E-4
2.4414062E-4
1.5258789E-4
1.5258789E-4
9.1552734E-5
9.1552734E-5
3.0517578E-5
3.0517578E-5
0.0
0.0
3.0517578E-5
3.0517578E-5
0.0
0.0
-1.2207031E-4
-1.2207031E-4
-3.0517578E-5
-3.0517578E-5
-1.5258789E-4
-1.5258789E-4
-1.5258789E-4
-1.5258789E-4
-2.746582E-4
-2.746582E-4
-1.5258789E-4
-1.5258789E-4
-2.4414062E-4
-2.4414062E-4
-2.4414062E-4
-2.4414062E-4
-2.746582E-4
-2.746582E-4
-2.4414062E-4
-2.4414062E-4
-2.4414062E-4
-2.4414062E-4
-3.6621094E-4
-3.6621094E-4
-2.1362305E-4
-2.1362305E-4
-2.4414062E-4
-2.4414062E-4
-3.0517578E-4
-3.0517578E-4
-2.4414062E-4
-2.4414062E-4
-2.1362305E-4
-2.1362305E-4
-1.5258789E-4
-1.5258789E-4
-2.4414062E-4
-2.4414062E-4
-2.1362305E-4
-2.1362305E-4
-2.746582E-4
-2.746582E-4
-1.8310547E-4
-1.8310547E-4
-9.1552734E-5
-9.1552734E-5
-1.5258789E-4
-1.5258789E-4
-6.1035156E-5
-6.1035156E-5
0.0
0.0
-6.1035156E-5
-6.1035156E-5
0.0
0.0
-9.1552734E-5
-9.1552734E-5
-9.1552734E-5
-9.1552734E-5
0.0
0.0
-3.0517578E-5
-3.0517578E-5
3.0517578E-5
3.0517578E-5
3.0517578E-5
3.0517578E-5
9.1552734E-5
9.1552734E-5
1.2207031E-4
1.2207031E-4
1.5258789E-4
1.5258789E-4
3.0517578E-5
3.0517578E-5
6.1035156E-5
6.1035156E-5
1.2207031E-4
1.2207031E-4
0.0
0.0
1.2207031E-4
1.2207031E-4
1.2207031E-4
1.2207031E-4
2.1362305E-4
2.1362305E-4
9.1552734E-5
9.1552734E-5
6.1035156E-5
6.1035156E-5
3.0517578E-5
3.0517578E-5
3.0517578E-5
3.0517578E-5
1.2207031E-4
1.2207031E-4
9.1552734E-5
9.1552734E-5
9.1552734E-5
9.1552734E-5
6.1035156E-5
6.1035156E-5
6.1035156E-5
6.1035156E-5
9.1552734E-5
9.1552734E-5
6.1035156E-5
6.1035156E-5
6.1035156E-5
6.1035156E-5
6.1035156E-5
6.1035156E-5
3.0517578E-5
3.0517578E-5
3.0517578E-5
3.0517578E-5
6.1035156E-5
6.1035156E-5
6.1035156E-5
6.1035156E-5
6.1035156E-5
6.1035156E-5
-3.0517578E-5
-3.0517578E-5
0.0
0.0
0.0
0.0
0.0
0.0
-6.1035156E-5
-6.1035156E-5
-6.1035156E-5
-6.1035156E-5
-6.1035156E-5
-6.1035156E-5
-6.1035156E-5
-6.1035156E-5
0.0
0.0
-3.0517578E-5
-3.0517578E-5
-3.0517578E-5
-3.0517578E-5
-3.0517578E-5
-3.0517578E-5
-6.1035156E-5
-6.1035156E-5
-3.0517578E-5
-3.0517578E-5
0.0
0.0
0.0
0.0
3.0517578E-5
3.0517578E-5
-3.0517578E-5
-3.0517578E-5
-3.0517578E-5
-3.0517578E-5
3.0517578E-5
3.0517578E-5
0.0
0.0
6.1035156E-5
6.1035156E-5
0.0
0.0
0.0
0.0
3.0517578E-5
3.0517578E-5
0.0
0.0
0.0
0.0
0.0
0.0
0.0
0.0
-3.0517578E-5
-3.0517578E-5
6.1035156E-5
6.1035156E-5
3.0517578E-5
3.0517578E-5
-6.1035156E-5
-6.1035156E-5
3.0517578E-5
3.0517578E-5
-3.0517578E-5
-3.0517578E-5
3.0517578E-5
3.0517578E-5
3.0517578E-5
3.0517578E-5
3.0517578E-5
3.0517578E-5
0.0
0.0
0.0
0.0
6.1035156E-5
6.1035156E-5
3.0517578E-5
3.0517578E-5
3.0517578E-5
3.0517578E-5
6.1035156E-5
6.1035156E-5
9.1552734E-5
9.1552734E-5
3.0517578E-5
3.0517578E-5
0.0
0.0
0.0
0.0
0.0
0.0
0.0
0.0
3.0517578E-5
3.0517578E-5
3.0517578E-5
3.0517578E-5
3.0517578E-5
3.0517578E-5
-3.0517578E-5
-3.0517578E-5
0.0
0.0
0.0
0.0
-3.0517578E-5
-3.0517578E-5
0.0
0.0
-3.0517578E-5
-3.0517578E-5
-3.0517578E-5
-3.0517578E-5
-3.0517578E-5
-3.0517578E-5
-3.0517578E-5
-3.0517578E-5
-6.1035156E-5
-6.1035156E-5
-6.1035156E-5
-6.1035156E-5
-6.1035156E-5
-6.1035156E-5
-6.1035156E-5
-6.1035156E-5
-6.1035156E-5
-6.1035156E-5
-6.1035156E-5
-6.1035156E-5
-1.2207031E-4
-1.2207031E-4
-6.1035156E-5
-6.1035156E-5
-9.1552734E-5
-9.1552734E-5
-6.1035156E-5
-6.1035156E-5
-6.1035156E-5
-6.1035156E-5
-9.1552734E-5
-9.1552734E-5
-3.0517578E-5
-3.0517578E-5
0.0
0.0
0.0
0.0
-3.0517578E-5
-3.0517578E-5
9.1552734E-5
9.1552734E-5
6.1035156E-5
6.1035156E-5
1.2207031E-4
1.2207031E-4
6.1035156E-5
6.1035156E-5
6.1035156E-5
6.1035156E-5
6.1035156E-5
6.1035156E-5
9.1552734E-5
9.1552734E-5
6.1035156E-5
6.1035156E-5
3.0517578E-5
3.0517578E-5
3.0517578E-5
3.0517578E-5
3.0517578E-5
3.0517578E-5
0.0
0.0
0.0
0.0
3.0517578E-5
3.0517578E-5
0.0
0.0
3.0517578E-5
3.0517578E-5
6.1035156E-5
6.1035156E-5
3.0517578E-5
3.0517578E-5
0.0
0.0
0.0
0.0
0.0
0.0
0.0
0.0
0.0
0.0
0.0
0.0
0.0
0.0
0.0
0.0
-3.0517578E-5
-3.0517578E-5
0.0
0.0
-3.0517578E-5
-3.0517578E-5
0.0
0.0
-3.0517578E-5
-3.0517578E-5
0.0
0.0
-3.0517578E-5
-3.0517578E-5
-3.0517578E-5
-3.0517578E-5
-3.0517578E-5
-3.0517578E-5
-3.0517578E-5
-3.0517578E-5
-3.0517578E-5
-3.0517578E-5
-3.0517578E-5
-3.0517578E-5
0.0
0.0
-3.0517578E-5
-3.0517578E-5
-3.0517578E-5
-3.0517578E-5
0.0
0.0
0.0
0.0
0.0
0.0
0.0
0.0
0.0
0.0
0.0
0.0
0.0
0.0
0.0
0.0
0.0
0.0
0.0
0.0
0.0
0.0
0.0
0.0
0.0
0.0
-3.0517578E-5
-3.0517578E-5
-3.0517578E-5
-3.0517578E-5
0.0
0.0
0.0
0.0
0.0
0.0
-3.0517578E-5
-3.0517578E-5
0.0
0.0
0.0
0.0
0.0
0.0
0.0
0.0
0.0
0.0
0.0
0.0
0.0
0.0
0.0
0.0
0.0
0.0
0.0
0.0
0.0
0.0
0.0
0.0
3.0517578E-5
3.0517578E-5
3.0517578E-5
3.0517578E-5
3.0517578E-5
3.0517578E-5
0.0
0.0
0.0
0.0
0.0
0.0
0.0
0.0
0.0
0.0
0.0
0.0
0.0
0.0
0.0
0.0
0.0
0.0
0.0
0.0
0.0
0.0
0.0
0.0
0.0
0.0
0.0
0.0
0.0
0.0
0.0
0.0
0.0
0.0
0.0
0.0
0.0
0.0
0.0
0.0
0.0
0.0
0.0
0.0
0.0
0.0
0.0
0.0
0.0
0.0
0.0
0.0
0.0
0.0
0.0
0.0
0.0
0.0
0.0
0.0
0.0
0.0
0.0
0.0
0.0
0.0
0.0
0.0
0.0
0.0
0.0
0.0
0.0
0.0
0.0
0.0
0.0
0.0
