0.0
0.0
0.0012207031
0.0012207031
7.324219E-4
7.324219E-4
-0.0019226074
-0.0019226074
-0.0069885254
-0.0069885254
-0.01473999
-0.01473999
-0.024871826
-0.024871826
-0.0317688
-0.0317688
-0.038208008
-0.038208008
-0.04547119
-0.04547119
-0.05307007
-0.05307007
-0.06085205
-0.06085205
-0.06890869
-0.06890869
-0.072021484
-0.072021484
-0.07366943
-0.07366943
-0.075927734
-0.075927734
-0.07748413
-0.07748413
-0.078826904
-0.078826904
-0.0803833
-0.0803833
-0.08065796
-0.08065796
-0.08169556
-0.08169556
-0.08300781
-0.08300781
-0.08407593
-0.08407593
-0.08483887
-0.08483887
-0.085357666
-0.085357666
-0.08557129
-0.08557129
-0.085754395
-0.085754395
-0.0864563
-0.0864563
-0.086639404
-0.086639404
-0.086517334
-0.086517334
-0.085998535
-0.085998535
-0.08554077
-0.08554077
-0.085357666
-0.085357666
-0.08456421
-0.08456421
-0.084869385
-0.084869385
-0.083099365
-0.083099365
-0.083099365
-0.083099365
-0.081085205
-0.081085205
-0.08099365
-0.08099365
-0.07928467
-0.07928467
-0.07696533
-0.07696533
-0.07745361
-0.07745361
-0.074157715
-0.074157715
-0.0725708
-0.0725708
-0.07211304
-0.07211304
-0.06906128
-0.06906128
-0.06838989
-0.06838989
-0.06726074
-0.06726074
-0.063964844
-0.063964844
-0.06375122
-0.06375122
-0.06201172
-0.06201172
-0.06011963
-0.06011963
-0.05960083
-0.05960083
-0.05886841
-0.05886841
-0.057861328
-0.057861328
-0.05618286
-0.05618286
-0.056121826
-0.056121826
-0.055633545
-0.055633545
-0.05340576
-0.05340576
-0.053222656
-0.053222656
-0.051605225
-0.051605225
-0.047424316
-0.047424316
-0.044647217
-0.044647217
-0.042419434
-0.042419434
-0.03781128
-0.03781128
-0.033813477
-0.033813477
-0.028503418
-0.028503418
-0.02319336
-0.02319336
-0.0154418945
-0.0154418945
-0.008361816
-0.008361816
-2.4414062E-4
-2.4414062E-4
0.010467529
0.010467529
0.02142334
0.02142334
0.031585693
0.031585693
0.044189453
0.044189453
0.05895996
0.05895996
0.07348633
0.07348633
0.08782959
0.08782959
0.08584595
0.08584595
0.9208069
0.9208069
-0.72961426
-0.72961426
0.9239807
0.9239807
-0.0854187
-0.0854187
0.98635864
0.98635864
0.15457153
0.15457153
-0.0043945312
-0.0043945312
0.9980774
0.9980774
-0.14770508
-0.14770508
0.1914978
0.1914978
0.7168579
0.7168579
-0.62838745
-0.62838745
0.20071411
0.20071411
0.5407715
0.5407715
0.66171265
0.66171265
0.49572754
0.49572754
0.47668457
0.47668457
0.36209106
0.36209106
-0.41744995
-0.41744995
-0.20410156
-0.20410156
-0.7944641
-0.7944641
-0.6672363
-0.6672363
-0.24847412
-0.24847412
-0.64920044
-0.64920044
-0.40509033
-0.40509033
-0.95932007
-0.95932007
-0.75387573
-0.75387573
-0.6562195
-0.6562195
-0.70474243
-0.70474243
-0.400177
-0.400177
-0.38345337
-0.38345337
-0.48135376
-0.48135376
-0.40048218
-0.40048218
-0.23529053
-0.23529053
-0.2694702
-0.2694702
-0.20959473
-0.20959473
0.12445068
0.12445068
0.056243896
0.056243896
0.13415527
0.13415527
0.24032593
0.24032593
0.22348022
0.22348022
0.3093567
0.3093567
0.33374023
0.33374023
0.27297974
0.27297974
0.2703247
0.2703247
0.2911682
0.2911682
0.37478638
0.37478638
0.23480225
0.23480225
0.27093506
0.27093506
0.25515747
0.25515747
0.27514648
0.27514648
0.2833252
0.2833252
0.25305176
0.25305176
0.25109863
0.25109863
0.27453613
0.27453613
0.27508545
0.27508545
0.24520874
0.24520874
0.2383728
0.2383728
0.23477173
0.23477173
0.2581482
0.2581482
0.23577881
0.23577881
0.22613525
0.22613525
0.21691895
0.21691895
0.19909668
0.19909668
0.20318604
0.20318604
0.16027832
0.16027832
0.09158325
0.09158325
0.06918335
0.06918335
0.02420044
0.02420044
-0.062469482
-0.062469482
-0.1461792
-0.1461792
-0.21917725
-0.21917725
-0.28253174
-0.28253174
-0.3305664
-0.3305664
-0.39016724
-0.39016724
-0.44302368
-0.44302368
-0.45913696
-0.45913696
-0.48962402
-0.48962402
-0.47677612
-0.47677612
-0.49331665
-0.49331665
-0.47113037
-0.47113037
-0.45428467
-0.45428467
-0.4086609
-0.4086609
-0.39309692
-0.39309692
-0.35317993
-0.35317993
-0.32266235
-0.32266235
-0.27841187
-0.27841187
-0.2319336
-0.2319336
-0.2088623
-0.2088623
-0.16708374
-0.16708374
-0.12890625
-0.12890625
-0.08517456
-0.08517456
-0.05517578
-0.05517578
-0.02130127
-0.02130127
0.00579834
0.00579834
0.04837036
0.04837036
0.06866455
0.06866455
0.10159302
0.10159302
0.12036133
0.12036133
0.1446228
0.1446228
0.1645813
0.1645813
0.18081665
0.18081665
0.19042969
0.19042969
0.2020874
0.2020874
0.2131958
0.2131958
0.21887207
0.21887207
0.22714233
0.22714233
0.21713257
0.21713257
0.22842407
0.22842407
0.21591187
0.21591187
0.22241211
0.22241211
0.20574951
0.20574951
0.20159912
0.20159912
0.19088745
0.19088745
0.18908691
0.18908691
0.17297363
0.17297363
0.16769409
0.16769409
0.1477356
0.1477356
0.13500977
0.13500977
0.11715698
0.11715698
0.093933105
0.093933105
0.07913208
0.07913208
0.04977417
0.04977417
0.03805542
0.03805542
0.012176514
0.012176514
-0.0043640137
-0.0043640137
-0.027648926
-0.027648926
-0.036224365
-0.036224365
-0.0501709
-0.0501709
-0.056732178
-0.056732178
-0.07116699
-0.07116699
-0.0798645
-0.0798645
-0.09976196
-0.09976196
-0.0947876
-0.0947876
-0.11306763
-0.11306763
-0.110076904
-0.110076904
-0.11968994
-0.11968994
-0.13140869
-0.13140869
-0.12664795
-0.12664795
-0.13284302
-0.13284302
-0.1300354
-0.1300354
-0.13946533
-0.13946533
-0.13024902
-0.13024902
-0.13833618
-0.13833618
-0.12826538
-0.12826538
-0.12979126
-0.12979126
-0.12109375
-0.12109375
-0.11795044
-0.11795044
-0.111083984
-0.111083984
-0.099853516
-0.099853516
-0.09039307
-0.09039307
-0.078186035
-0.078186035
-0.0687561
-0.0687561
-0.058746338
-0.058746338
-0.04901123
-0.04901123
-0.033294678
-0.033294678
-0.025787354
-0.025787354
-0.006164551
-0.006164551
-0.0028686523
-0.0028686523
0.014678955
0.014678955
0.026062012
0.026062012
0.04159546
0.04159546
0.049346924
0.049346924
0.063446045
0.063446045
0.07199097
0.07199097
0.08483887
0.08483887
0.0925293
0.0925293
0.09744263
0.09744263
0.10571289
0.10571289
0.11135864
0.11135864
0.11706543
0.11706543
0.11715698
0.11715698
0.12615967
0.12615967
0.12423706
0.12423706
0.1265564
0.1265564
0.12557983
0.12557983
0.13137817
0.13137817
0.12161255
0.12161255
0.12432861
0.12432861
0.11557007
0.11557007
0.11355591
0.11355591
0.105163574
0.105163574
0.103759766
0.103759766
0.0909729
0.0909729
0.08337402
0.08337402
0.074523926
0.074523926
0.06402588
0.06402588
0.053009033
0.053009033
0.041992188
0.041992188
0.031097412
0.031097412
0.013458252
0.013458252
0.0065307617
0.0065307617
-0.012756348
-0.012756348
-0.014801025
-0.014801025
-0.030273438
-0.030273438
-0.03451538
-0.03451538
-0.050628662
-0.050628662
-0.05429077
-0.05429077
-0.06451416
-0.06451416
-0.07022095
-0.07022095
-0.07803345
-0.07803345
-0.079589844
-0.079589844
-0.08343506
-0.08343506
-0.08569336
-0.08569336
-0.08627319
-0.08627319
-0.090667725
-0.090667725
-0.08532715
-0.08532715
-0.087402344
-0.087402344
-0.08279419
-0.08279419
-0.08312988
-0.08312988
-0.07827759
-0.07827759
-0.07678223
-0.07678223
-0.07098389
-0.07098389
-0.06668091
-0.06668091
-0.060302734
-0.060302734
-0.054901123
-0.054901123
-0.05078125
-0.05078125
-0.042022705
-0.042022705
-0.039245605
-0.039245605
-0.027069092
-0.027069092
-0.0256958
-0.0256958
-0.015411377
-0.015411377
-0.009613037
-0.009613037
-7.9345703E-4
-7.9345703E-4
9.460449E-4
9.460449E-4
0.012176514
0.012176514
0.01675415
0.01675415
0.024383545
0.024383545
0.027374268
0.027374268
0.03768921
0.03768921
0.03982544
0.03982544
0.047576904
0.047576904
0.052124023
0.052124023
0.05407715
0.05407715
0.059692383
0.059692383
0.061401367
0.061401367
0.0657959
0.0657959
0.0642395
0.0642395
0.06637573
0.06637573
0.06427002
0.06427002
0.06607056
0.06607056
0.061431885
0.061431885
0.060424805
0.060424805
0.05545044
0.05545044
0.054504395
0.054504395
0.04699707
0.04699707
0.044952393
0.044952393
0.036315918
0.036315918
0.0357666
0.0357666
0.026184082
0.026184082
0.022644043
0.022644043
0.016052246
0.016052246
0.0113220215
0.0113220215
0.0053100586
0.0053100586
-6.713867E-4
-6.713867E-4
-0.0061035156
-0.0061035156
-0.012329102
-0.012329102
-0.017150879
-0.017150879
-0.021362305
-0.021362305
-0.024902344
-0.024902344
-0.03060913
-0.03060913
-0.03314209
-0.03314209
-0.039245605
-0.039245605
-0.03845215
-0.03845215
-0.045532227
-0.045532227
-0.04559326
-0.04559326
-0.04925537
-0.04925537
-0.048980713
-0.048980713
-0.050750732
-0.050750732
-0.05218506
-0.05218506
-0.050842285
-0.050842285
-0.053009033
-0.053009033
-0.051208496
-0.051208496
-0.05102539
-0.05102539
-0.048034668
-0.048034668
-0.048858643
-0.048858643
-0.045440674
-0.045440674
-0.04208374
-0.04208374
-0.038726807
-0.038726807
-0.03704834
-0.03704834
-0.03189087
-0.03189087
-0.027832031
-0.027832031
-0.02368164
-0.02368164
-0.018096924
-0.018096924
-0.017333984
-0.017333984
-0.009643555
-0.009643555
-0.008422852
-0.008422852
1.8310547E-4
1.8310547E-4
0.0015258789
0.0015258789
0.00680542
0.00680542
0.009277344
0.009277344
0.013061523
0.013061523
0.014831543
0.014831543
0.019195557
0.019195557
0.0206604
0.0206604
0.022338867
0.022338867
0.024627686
0.024627686
0.02633667
0.02633667
0.026672363
0.026672363
0.028137207
0.028137207
0.028320312
0.028320312
0.029693604
0.029693604
0.027618408
0.027618408
0.026397705
0.026397705
0.028747559
0.028747559
0.025299072
0.025299072
0.027038574
0.027038574
0.023712158
0.023712158
0.024017334
0.024017334
0.020263672
0.020263672
0.022827148
0.022827148
0.018249512
0.018249512
0.019195557
0.019195557
0.014892578
0.014892578
0.014434814
0.014434814
0.011566162
0.011566162
0.010009766
0.010009766
0.008270264
0.008270264
0.005004883
0.005004883
0.003753662
0.003753662
0.0019226074
0.0019226074
0.0
0.0
-0.0037841797
-0.0037841797
-0.0054016113
-0.0054016113
-0.008636475
-0.008636475
-0.011260986
-0.011260986
-0.01260376
-0.01260376
-0.01449585
-0.01449585
-0.015106201
-0.015106201
-0.017730713
-0.017730713
-0.018829346
-0.018829346
-0.020324707
-0.020324707
-0.0206604
-0.0206604
-0.022216797
-0.022216797
-0.020050049
-0.020050049
-0.022613525
-0.022613525
-0.020111084
-0.020111084
-0.019836426
-0.019836426
-0.018096924
-0.018096924
-0.019134521
-0.019134521
-0.015411377
-0.015411377
-0.016815186
-0.016815186
-0.012756348
-0.012756348
-0.0121154785
-0.0121154785
-0.009429932
-0.009429932
-0.008483887
-0.008483887
-0.005340576
-0.005340576
-0.004119873
-0.004119873
-0.003326416
-0.003326416
5.79834E-4
5.79834E-4
3.0517578E-4
3.0517578E-4
0.0035095215
0.0035095215
0.004211426
0.004211426
0.0065307617
0.0065307617
0.007080078
0.007080078
0.008239746
0.008239746
0.010498047
0.010498047
0.012634277
0.012634277
0.012573242
0.012573242
0.015075684
0.015075684
0.014770508
0.014770508
0.017211914
0.017211914
0.01828003
0.01828003
0.019958496
0.019958496
0.020477295
0.020477295
0.020721436
0.020721436
0.021118164
0.021118164
0.021575928
0.021575928
0.022583008
0.022583008
0.020812988
0.020812988
0.022338867
0.022338867
0.021636963
0.021636963
0.021087646
0.021087646
0.019317627
0.019317627
0.01928711
0.01928711
0.017150879
0.017150879
0.016052246
0.016052246
0.014862061
0.014862061
0.013824463
0.013824463
0.011260986
0.011260986
0.010040283
0.010040283
0.008666992
0.008666992
0.005584717
0.005584717
0.005218506
0.005218506
0.0012817383
0.0012817383
0.0022583008
0.0022583008
-0.0017089844
-0.0017089844
-0.001739502
-0.001739502
-0.0045166016
-0.0045166016
-0.004699707
-0.004699707
-0.0067443848
-0.0067443848
-0.00680542
-0.00680542
-0.009399414
-0.009399414
-0.008544922
-0.008544922
-0.011077881
-0.011077881
-0.010437012
-0.010437012
-0.012084961
-0.012084961
-0.011505127
-0.011505127
-0.013427734
-0.013427734
-0.012481689
-0.012481689
-0.013458252
-0.013458252
-0.01361084
-0.01361084
-0.013397217
-0.013397217
-0.015106201
-0.015106201
-0.012786865
-0.012786865
-0.014007568
-0.014007568
-0.013122559
-0.013122559
-0.012420654
-0.012420654
-0.01272583
-0.01272583
-0.012298584
-0.012298584
-0.010925293
-0.010925293
-0.010620117
-0.010620117
-0.009460449
-0.009460449
-0.008544922
-0.008544922
-0.0076293945
-0.0076293945
-0.0071411133
-0.0071411133
-0.0049743652
-0.0049743652
-0.004058838
-0.004058838
-0.0039978027
-0.0039978027
-0.0010986328
-0.0010986328
-0.0022277832
-0.0022277832
0.0015869141
0.0015869141
9.1552734E-4
9.1552734E-4
0.0030212402
0.0030212402
0.0035705566
0.0035705566
0.0032348633
0.0032348633
0.005065918
0.005065918
0.004333496
0.004333496
0.0042419434
0.0042419434
0.005859375
0.005859375
0.0051879883
0.0051879883
0.0051574707
0.0051574707
0.0061035156
0.0061035156
0.005432129
0.005432129
0.0049438477
0.0049438477
0.005340576
0.005340576
0.004547119
0.004547119
0.0034484863
0.0034484863
0.0043945312
0.0043945312
0.0026245117
0.0026245117
0.003753662
0.003753662
0.0025024414
0.0025024414
0.0024414062
0.0024414062
0.0010986328
0.0010986328
0.0010681152
0.0010681152
6.1035156E-5
6.1035156E-5
1.8310547E-4
1.8310547E-4
-3.6621094E-4
-3.6621094E-4
-8.8500977E-4
-8.8500977E-4
-0.0010986328
-0.0010986328
-0.0026855469
-0.0026855469
-0.0017700195
-0.0017700195
-0.0031433105
-0.0031433105
-0.0042419434
-0.0042419434
-0.005065918
-0.005065918
-0.004211426
-0.004211426
-0.0069274902
-0.0069274902
-0.00579834
-0.00579834
-0.007080078
-0.007080078
-0.0076904297
-0.0076904297
-0.006591797
-0.006591797
-0.008453369
-0.008453369
-0.007873535
-0.007873535
-0.008666992
-0.008666992
-0.008392334
-0.008392334
-0.008331299
-0.008331299
-0.007019043
-0.007019043
-0.008758545
-0.008758545
-0.0062561035
-0.0062561035
-0.00680542
-0.00680542
-0.0059509277
-0.0059509277
-0.005584717
-0.005584717
-0.004760742
-0.004760742
-0.0036315918
-0.0036315918
-0.004058838
-0.004058838
-0.001373291
-0.001373291
-0.0016784668
-0.0016784668
-0.0010681152
-0.0010681152
1.2207031E-4
1.2207031E-4
2.1362305E-4
2.1362305E-4
0.0014648438
0.0014648438
0.001159668
0.001159668
0.0021362305
0.0021362305
0.002960205
0.002960205
0.003326416
0.003326416
0.0036621094
0.0036621094
0.0038146973
0.0038146973
0.00390625
0.00390625
0.0040893555
0.0040893555
0.0050964355
0.0050964355
0.004180908
0.004180908
0.005554199
0.005554199
0.004333496
0.004333496
0.0051574707
0.0051574707
0.004547119
0.004547119
0.0051574707
0.0051574707
0.0044555664
0.0044555664
0.0049743652
0.0049743652
0.004547119
0.004547119
0.004547119
0.004547119
0.004638672
0.004638672
0.0046691895
0.0046691895
0.004058838
0.004058838
0.0049438477
0.0049438477
0.0035095215
0.0035095215
0.0043640137
0.0043640137
0.0038757324
0.0038757324
0.0036010742
0.0036010742
0.002746582
0.002746582
0.0028076172
0.0028076172
0.00289917
0.00289917
0.0016479492
0.0016479492
0.0014648438
0.0014648438
0.0013122559
0.0013122559
0.0011901855
0.0011901855
4.5776367E-4
4.5776367E-4
-6.1035156E-5
-6.1035156E-5
3.9672852E-4
3.9672852E-4
-2.746582E-4
-2.746582E-4
-6.4086914E-4
-6.4086914E-4
-6.4086914E-4
-6.4086914E-4
-7.019043E-4
-7.019043E-4
-6.4086914E-4
-6.4086914E-4
-0.0014648438
-0.0014648438
-7.9345703E-4
-7.9345703E-4
-0.001159668
-0.001159668
-0.0011291504
-0.0011291504
-5.187988E-4
-5.187988E-4
-7.9345703E-4
-7.9345703E-4
-8.544922E-4
-8.544922E-4
1.5258789E-4
1.5258789E-4
-4.8828125E-4
-4.8828125E-4
-8.239746E-4
-8.239746E-4
1.5258789E-4
1.5258789E-4
-2.746582E-4
-2.746582E-4
1.5258789E-4
1.5258789E-4
1.2207031E-4
1.2207031E-4
6.713867E-4
6.713867E-4
5.187988E-4
5.187988E-4
5.493164E-4
5.493164E-4
0.0011291504
0.0011291504
9.460449E-4
9.460449E-4
0.001373291
0.001373291
6.1035156E-4
6.1035156E-4
0.0018615723
0.0018615723
0.001739502
0.001739502
0.0014648438
0.0014648438
0.0015869141
0.0015869141
0.0022888184
0.0022888184
0.0021362305
0.0021362305
0.0020141602
0.0020141602
0.0025634766
0.0025634766
0.002380371
0.002380371
0.00289917
0.00289917
0.0028076172
0.0028076172
0.0033569336
0.0033569336
0.002319336
0.002319336
0.0034484863
0.0034484863
0.0029296875
0.0029296875
0.0028686523
0.0028686523
0.0024414062
0.0024414062
0.0032653809
0.0032653809
0.0032958984
0.0032958984
0.0024108887
0.0024108887
0.0030822754
0.0030822754
0.0022277832
0.0022277832
0.0018920898
0.0018920898
0.0020446777
0.0020446777
0.001739502
0.001739502
0.0011901855
0.0011901855
6.713867E-4
6.713867E-4
5.493164E-4
5.493164E-4
1.8310547E-4
1.8310547E-4
-7.019043E-4
-7.019043E-4
-3.3569336E-4
-3.3569336E-4
-7.9345703E-4
-7.9345703E-4
-0.0015869141
-0.0015869141
-0.0015869141
-0.0015869141
-0.0014953613
-0.0014953613
-0.0025939941
-0.0025939941
-0.0018615723
-0.0018615723
-0.0025024414
-0.0025024414
-0.0026855469
-0.0026855469
-0.0022583008
-0.0022583008
-0.00289917
-0.00289917
-0.002746582
-0.002746582
-0.0025634766
-0.0025634766
-0.0026855469
-0.0026855469
-0.0029907227
-0.0029907227
-0.0022583008
-0.0022583008
-0.0026855469
-0.0026855469
-0.0024414062
-0.0024414062
-0.0022583008
-0.0022583008
-0.002532959
-0.002532959
-0.002319336
-0.002319336
-0.0018005371
-0.0018005371
-0.0021972656
-0.0021972656
-0.001739502
-0.001739502
-0.001953125
-0.001953125
-9.765625E-4
-9.765625E-4
-0.0016784668
-0.0016784668
-9.460449E-4
-9.460449E-4
-0.0012817383
-0.0012817383
-7.9345703E-4
-7.9345703E-4
-8.8500977E-4
-8.8500977E-4
-6.1035156E-4
-6.1035156E-4
-3.0517578E-4
-3.0517578E-4
-7.324219E-4
-7.324219E-4
-1.2207031E-4
-1.2207031E-4
-3.0517578E-5
-3.0517578E-5
3.0517578E-4
3.0517578E-4
-1.5258789E-4
-1.5258789E-4
3.9672852E-4
3.9672852E-4
6.1035156E-5
6.1035156E-5
3.9672852E-4
3.9672852E-4
7.324219E-4
7.324219E-4
3.9672852E-4
3.9672852E-4
7.6293945E-4
7.6293945E-4
4.272461E-4
4.272461E-4
1.5258789E-4
1.5258789E-4
3.6621094E-4
3.6621094E-4
2.4414062E-4
2.4414062E-4
1.8310547E-4
1.8310547E-4
5.493164E-4
5.493164E-4
9.1552734E-5
9.1552734E-5
-6.1035156E-5
-6.1035156E-5
-2.746582E-4
-2.746582E-4
3.0517578E-4
3.0517578E-4
6.1035156E-5
6.1035156E-5
-3.9672852E-4
-3.9672852E-4
2.1362305E-4
2.1362305E-4
-5.79834E-4
-5.79834E-4
-4.272461E-4
-4.272461E-4
-1.8310547E-4
-1.8310547E-4
-5.493164E-4
-5.493164E-4
-2.746582E-4
-2.746582E-4
-6.1035156E-5
-6.1035156E-5
-6.4086914E-4
-6.4086914E-4
-1.8310547E-4
-1.8310547E-4
-0.0010070801
-0.0010070801
-7.324219E-4
-7.324219E-4
-6.4086914E-4
-6.4086914E-4
-3.9672852E-4
-3.9672852E-4
-0.0010986328
-0.0010986328
-5.493164E-4
-5.493164E-4
-0.0010986328
-0.0010986328
-8.8500977E-4
-8.8500977E-4
-0.0012207031
-0.0012207031
-0.0013122559
-0.0013122559
-0.0010986328
-0.0010986328
-0.0016784668
-0.0016784668
-0.0014343262
-0.0014343262
-0.0013427734
-0.0013427734
-0.0015258789
-0.0015258789
-0.0015258789
-0.0015258789
-0.001739502
-0.001739502
-0.0015258789
-0.0015258789
-0.0018310547
-0.0018310547
-0.0016784668
-0.0016784668
-0.0016784668
-0.0016784668
-0.0012512207
-0.0012512207
-0.0014648438
-0.0014648438
-0.0010375977
-0.0010375977
-0.0014038086
-0.0014038086
-9.460449E-4
-9.460449E-4
-0.0014648438
-0.0014648438
-4.272461E-4
-4.272461E-4
-0.0011901855
-0.0011901855
-4.5776367E-4
-4.5776367E-4
-8.8500977E-4
-8.8500977E-4
-3.0517578E-4
-3.0517578E-4
-0.0011291504
-0.0011291504
-1.5258789E-4
-1.5258789E-4
-0.001159668
-0.001159668
-4.5776367E-4
-4.5776367E-4
-9.765625E-4
-9.765625E-4
-4.8828125E-4
-4.8828125E-4
-9.765625E-4
-9.765625E-4
-8.239746E-4
-8.239746E-4
-7.324219E-4
-7.324219E-4
-9.1552734E-4
-9.1552734E-4
-5.79834E-4
-5.79834E-4
-3.6621094E-4
-3.6621094E-4
-3.3569336E-4
-3.3569336E-4
-6.713867E-4
-6.713867E-4
1.2207031E-4
1.2207031E-4
-5.187988E-4
-5.187988E-4
-1.8310547E-4
-1.8310547E-4
6.1035156E-5
6.1035156E-5
-4.5776367E-4
-4.5776367E-4
2.1362305E-4
2.1362305E-4
-2.1362305E-4
-2.1362305E-4
2.1362305E-4
2.1362305E-4
0.0
0.0
-3.0517578E-5
-3.0517578E-5
-1.2207031E-4
-1.2207031E-4
3.0517578E-5
3.0517578E-5
3.0517578E-5
3.0517578E-5
-1.5258789E-4
-1.5258789E-4
1.5258789E-4
1.5258789E-4
-3.9672852E-4
-3.9672852E-4
6.1035156E-5
6.1035156E-5
-1.5258789E-4
-1.5258789E-4
-2.1362305E-4
-2.1362305E-4
-2.4414062E-4
-2.4414062E-4
-6.1035156E-5
-6.1035156E-5
-4.5776367E-4
-4.5776367E-4
-3.6621094E-4
-3.6621094E-4
-3.0517578E-5
-3.0517578E-5
-5.79834E-4
-5.79834E-4
1.5258789E-4
1.5258789E-4
6.1035156E-5
6.1035156E-5
6.1035156E-5
6.1035156E-5
2.746582E-4
2.746582E-4
-9.1552734E-5
-9.1552734E-5
6.4086914E-4
6.4086914E-4
4.272461E-4
4.272461E-4
3.0517578E-4
3.0517578E-4
0.001159668
0.001159668
5.493164E-4
5.493164E-4
7.019043E-4
7.019043E-4
0.0010986328
0.0010986328
0.0012512207
0.0012512207
8.8500977E-4
8.8500977E-4
0.0010986328
0.0010986328
0.0013122559
0.0013122559
7.019043E-4
7.019043E-4
0.0014038086
0.0014038086
0.0012207031
0.0012207031
0.0013427734
0.0013427734
0.0015869141
0.0015869141
0.0012817383
0.0012817383
0.001159668
0.001159668
0.0012817383
0.0012817383
0.0010986328
0.0010986328
0.0014343262
0.0014343262
0.001159668
0.001159668
0.0013122559
0.0013122559
0.0016784668
0.0016784668
0.0015869141
0.0015869141
0.0012512207
0.0012512207
0.001739502
0.001739502
0.0011291504
0.0011291504
0.0014648438
0.0014648438
0.0015563965
0.0015563965
0.0012512207
0.0012512207
0.0014648438
0.0014648438
0.001739502
0.001739502
0.0013427734
0.0013427734
0.0019226074
0.0019226074
0.0014038086
0.0014038086
0.0014953613
0.0014953613
0.0014648438
0.0014648438
0.0017089844
0.0017089844
0.0015869141
0.0015869141
0.001953125
0.001953125
0.0017089844
0.0017089844
0.0015563965
0.0015563965
0.0016784668
0.0016784668
0.0014343262
0.0014343262
0.0014343262
0.0014343262
0.0014648438
0.0014648438
0.0015563965
0.0015563965
0.0013122559
0.0013122559
0.0014953613
0.0014953613
0.0012817383
0.0012817383
0.0012817383
0.0012817383
0.0015563965
0.0015563965
0.001373291
0.001373291
0.0014343262
0.0014343262
0.001159668
0.001159668
0.0012512207
0.0012512207
0.0012512207
0.0012512207
0.0013122559
0.0013122559
0.0012512207
0.0012512207
0.0013427734
0.0013427734
0.0010681152
0.0010681152
0.001159668
0.001159668
7.9345703E-4
7.9345703E-4
0.0011291504
0.0011291504
9.765625E-4
9.765625E-4
9.1552734E-4
9.1552734E-4
6.713867E-4
6.713867E-4
7.6293945E-4
7.6293945E-4
4.5776367E-4
4.5776367E-4
9.1552734E-4
9.1552734E-4
4.272461E-4
4.272461E-4
4.272461E-4
4.272461E-4
3.6621094E-4
3.6621094E-4
5.187988E-4
5.187988E-4
3.6621094E-4
3.6621094E-4
1.8310547E-4
1.8310547E-4
6.1035156E-5
6.1035156E-5
1.8310547E-4
1.8310547E-4
3.0517578E-5
3.0517578E-5
-2.1362305E-4
-2.1362305E-4
1.2207031E-4
1.2207031E-4
-6.1035156E-5
-6.1035156E-5
-2.1362305E-4
-2.1362305E-4
-2.4414062E-4
-2.4414062E-4
-4.8828125E-4
-4.8828125E-4
-4.8828125E-4
-4.8828125E-4
-2.4414062E-4
-2.4414062E-4
-6.1035156E-4
-6.1035156E-4
-5.493164E-4
-5.493164E-4
-8.8500977E-4
-8.8500977E-4
-4.5776367E-4
-4.5776367E-4
-7.6293945E-4
-7.6293945E-4
-8.544922E-4
-8.544922E-4
-7.019043E-4
-7.019043E-4
-0.0015258789
-0.0015258789
-0.0010986328
-0.0010986328
-0.0011291504
-0.0011291504
-0.0012207031
-0.0012207031
-0.0012512207
-0.0012512207
-0.0010070801
-0.0010070801
-0.0010375977
-0.0010375977
-0.0014038086
-0.0014038086
-0.0010986328
-0.0010986328
-0.0013122559
-0.0013122559
-0.001159668
-0.001159668
-0.0011901855
-0.0011901855
-0.0012512207
-0.0012512207
-0.0012207031
-0.0012207031
-0.0013122559
-0.0013122559
-0.0010070801
-0.0010070801
-0.0011291504
-0.0011291504
-0.0010070801
-0.0010070801
-0.0011901855
-0.0011901855
-8.544922E-4
-8.544922E-4
-0.0014038086
-0.0014038086
-9.1552734E-4
-9.1552734E-4
-0.0010375977
-0.0010375977
-0.0011291504
-0.0011291504
-9.460449E-4
-9.460449E-4
-9.1552734E-4
-9.1552734E-4
-0.0010070801
-0.0010070801
-0.0010681152
-0.0010681152
-9.1552734E-4
-9.1552734E-4
-0.0011291504
-0.0011291504
-0.0010681152
-0.0010681152
-0.0010375977
-0.0010375977
-8.8500977E-4
-8.8500977E-4
-0.0010375977
-0.0010375977
-0.0010070801
-0.0010070801
-9.460449E-4
-9.460449E-4
-8.239746E-4
-8.239746E-4
-8.544922E-4
-8.544922E-4
-8.544922E-4
-8.544922E-4
-0.0011291504
-0.0011291504
-6.4086914E-4
-6.4086914E-4
-8.544922E-4
-8.544922E-4
-7.324219E-4
-7.324219E-4
-9.460449E-4
-9.460449E-4
-8.239746E-4
-8.239746E-4
-5.79834E-4
-5.79834E-4
-0.0010375977
-0.0010375977
-7.6293945E-4
-7.6293945E-4
-7.324219E-4
-7.324219E-4
-8.239746E-4
-8.239746E-4
-7.019043E-4
-7.019043E-4
-6.4086914E-4
-6.4086914E-4
-6.713867E-4
-6.713867E-4
-8.8500977E-4
-8.8500977E-4
-7.324219E-4
-7.324219E-4
-7.9345703E-4
-7.9345703E-4
-8.8500977E-4
-8.8500977E-4
-8.544922E-4
-8.544922E-4
-8.239746E-4
-8.239746E-4
-7.6293945E-4
-7.6293945E-4
-7.019043E-4
-7.019043E-4
-7.6293945E-4
-7.6293945E-4
-9.1552734E-4
-9.1552734E-4
-7.019043E-4
-7.019043E-4
-6.4086914E-4
-6.4086914E-4
-9.1552734E-4
-9.1552734E-4
-6.4086914E-4
-6.4086914E-4
-4.8828125E-4
-4.8828125E-4
-7.324219E-4
-7.324219E-4
-7.9345703E-4
-7.9345703E-4
-4.5776367E-4
-4.5776367E-4
-5.79834E-4
-5.79834E-4
-7.019043E-4
-7.019043E-4
-5.187988E-4
-5.187988E-4
-4.5776367E-4
-4.5776367E-4
-3.0517578E-4
-3.0517578E-4
-4.272461E-4
-4.272461E-4
-4.272461E-4
-4.272461E-4
-3.6621094E-4
-3.6621094E-4
-3.0517578E-4
-3.0517578E-4
-3.3569336E-4
-3.3569336E-4
-3.0517578E-4
-3.0517578E-4
-5.493164E-4
-5.493164E-4
-3.0517578E-4
-3.0517578E-4
-3.3569336E-4
-3.3569336E-4
-4.8828125E-4
-4.8828125E-4
-2.4414062E-4
-2.4414062E-4
-1.8310547E-4
-1.8310547E-4
-2.746582E-4
-2.746582E-4
0.0
0.0
-1.2207031E-4
-1.2207031E-4
-1.8310547E-4
-1.8310547E-4
3.0517578E-5
3.0517578E-5
3.0517578E-5
3.0517578E-5
1.2207031E-4
1.2207031E-4
2.746582E-4
2.746582E-4
6.1035156E-5
6.1035156E-5
3.6621094E-4
3.6621094E-4
1.5258789E-4
1.5258789E-4
5.493164E-4
5.493164E-4
3.0517578E-4
3.0517578E-4
4.8828125E-4
4.8828125E-4
2.746582E-4
2.746582E-4
3.9672852E-4
3.9672852E-4
3.0517578E-4
3.0517578E-4
4.5776367E-4
4.5776367E-4
2.1362305E-4
2.1362305E-4
4.272461E-4
4.272461E-4
3.6621094E-4
3.6621094E-4
3.9672852E-4
3.9672852E-4
2.746582E-4
2.746582E-4
1.2207031E-4
1.2207031E-4
2.4414062E-4
2.4414062E-4
3.3569336E-4
3.3569336E-4
6.1035156E-5
6.1035156E-5
4.272461E-4
4.272461E-4
3.0517578E-4
3.0517578E-4
2.746582E-4
2.746582E-4
3.3569336E-4
3.3569336E-4
1.5258789E-4
1.5258789E-4
5.493164E-4
5.493164E-4
2.4414062E-4
2.4414062E-4
3.6621094E-4
3.6621094E-4
2.1362305E-4
2.1362305E-4
5.187988E-4
5.187988E-4
3.0517578E-4
3.0517578E-4
3.9672852E-4
3.9672852E-4
3.3569336E-4
3.3569336E-4
6.1035156E-4
6.1035156E-4
4.272461E-4
4.272461E-4
4.272461E-4
4.272461E-4
3.3569336E-4
3.3569336E-4
4.8828125E-4
4.8828125E-4
4.8828125E-4
4.8828125E-4
4.5776367E-4
4.5776367E-4
4.5776367E-4
4.5776367E-4
5.187988E-4
5.187988E-4
2.746582E-4
2.746582E-4
3.9672852E-4
3.9672852E-4
3.9672852E-4
3.9672852E-4
2.4414062E-4
2.4414062E-4
4.8828125E-4
4.8828125E-4
5.187988E-4
5.187988E-4
4.8828125E-4
4.8828125E-4
6.1035156E-4
6.1035156E-4
5.493164E-4
5.493164E-4
6.1035156E-4
6.1035156E-4
5.187988E-4
5.187988E-4
7.324219E-4
7.324219E-4
4.5776367E-4
4.5776367E-4
7.9345703E-4
7.9345703E-4
9.1552734E-4
9.1552734E-4
7.6293945E-4
7.6293945E-4
9.1552734E-4
9.1552734E-4
7.019043E-4
7.019043E-4
7.6293945E-4
7.6293945E-4
7.6293945E-4
7.6293945E-4
6.713867E-4
6.713867E-4
6.4086914E-4
6.4086914E-4
6.4086914E-4
6.4086914E-4
5.79834E-4
5.79834E-4
6.4086914E-4
6.4086914E-4
7.324219E-4
7.324219E-4
7.019043E-4
7.019043E-4
6.713867E-4
6.713867E-4
6.713867E-4
6.713867E-4
7.324219E-4
7.324219E-4
8.544922E-4
8.544922E-4
7.324219E-4
7.324219E-4
6.1035156E-4
6.1035156E-4
8.239746E-4
8.239746E-4
7.6293945E-4
7.6293945E-4
6.4086914E-4
6.4086914E-4
8.8500977E-4
8.8500977E-4
7.324219E-4
7.324219E-4
6.1035156E-4
6.1035156E-4
7.324219E-4
7.324219E-4
5.79834E-4
5.79834E-4
6.713867E-4
6.713867E-4
5.187988E-4
5.187988E-4
7.6293945E-4
7.6293945E-4
5.493164E-4
5.493164E-4
5.493164E-4
5.493164E-4
4.5776367E-4
4.5776367E-4
4.5776367E-4
4.5776367E-4
3.9672852E-4
3.9672852E-4
4.5776367E-4
4.5776367E-4
4.5776367E-4
4.5776367E-4
3.9672852E-4
3.9672852E-4
3.9672852E-4
3.9672852E-4
4.8828125E-4
4.8828125E-4
2.746582E-4
2.746582E-4
3.3569336E-4
3.3569336E-4
2.1362305E-4
2.1362305E-4
4.272461E-4
4.272461E-4
2.4414062E-4
2.4414062E-4
2.746582E-4
2.746582E-4
3.0517578E-4
3.0517578E-4
2.4414062E-4
2.4414062E-4
4.272461E-4
4.272461E-4
2.1362305E-4
2.1362305E-4
3.3569336E-4
3.3569336E-4
1.5258789E-4
1.5258789E-4
3.0517578E-4
3.0517578E-4
2.746582E-4
2.746582E-4
2.4414062E-4
2.4414062E-4
4.5776367E-4
4.5776367E-4
1.2207031E-4
1.2207031E-4
2.4414062E-4
2.4414062E-4
2.4414062E-4
2.4414062E-4
3.6621094E-4
3.6621094E-4
3.6621094E-4
3.6621094E-4
3.3569336E-4
3.3569336E-4
3.0517578E-4
3.0517578E-4
3.6621094E-4
3.6621094E-4
4.272461E-4
4.272461E-4
2.746582E-4
2.746582E-4
1.2207031E-4
1.2207031E-4
2.4414062E-4
2.4414062E-4
2.4414062E-4
2.4414062E-4
2.4414062E-4
2.4414062E-4
9.1552734E-5
9.1552734E-5
9.1552734E-5
9.1552734E-5
1.8310547E-4
1.8310547E-4
2.1362305E-4
2.1362305E-4
9.1552734E-5
9.1552734E-5
3.0517578E-5
3.0517578E-5
-6.1035156E-5
-6.1035156E-5
9.1552734E-5
9.1552734E-5
-9.1552734E-5
-9.1552734E-5
-6.1035156E-5
-6.1035156E-5
-1.2207031E-4
-1.2207031E-4
-1.2207031E-4
-1.2207031E-4
-2.1362305E-4
-2.1362305E-4
-2.1362305E-4
-2.1362305E-4
-2.4414062E-4
-2.4414062E-4
-1.5258789E-4
-1.5258789E-4
-3.9672852E-4
-3.9672852E-4
-3.0517578E-4
-3.0517578E-4
-4.5776367E-4
-4.5776367E-4
-3.9672852E-4
-3.9672852E-4
-6.1035156E-4
-6.1035156E-4
-4.5776367E-4
-4.5776367E-4
-4.8828125E-4
-4.8828125E-4
-5.79834E-4
-5.79834E-4
-4.272461E-4
-4.272461E-4
-6.4086914E-4
-6.4086914E-4
-5.187988E-4
-5.187988E-4
-7.019043E-4
-7.019043E-4
-4.272461E-4
-4.272461E-4
-5.79834E-4
-5.79834E-4
-7.324219E-4
-7.324219E-4
-7.019043E-4
-7.019043E-4
-5.79834E-4
-5.79834E-4
-6.4086914E-4
-6.4086914E-4
-5.79834E-4
-5.79834E-4
-6.713867E-4
-6.713867E-4
-5.187988E-4
-5.187988E-4
-5.187988E-4
-5.187988E-4
-6.713867E-4
-6.713867E-4
-5.187988E-4
-5.187988E-4
-7.019043E-4
-7.019043E-4
-5.79834E-4
-5.79834E-4
-4.8828125E-4
-4.8828125E-4
-6.713867E-4
-6.713867E-4
-5.493164E-4
-5.493164E-4
-6.4086914E-4
-6.4086914E-4
-6.1035156E-4
-6.1035156E-4
-5.79834E-4
-5.79834E-4
-5.79834E-4
-5.79834E-4
-4.8828125E-4
-4.8828125E-4
-7.019043E-4
-7.019043E-4
-3.6621094E-4
-3.6621094E-4
-3.9672852E-4
-3.9672852E-4
-5.79834E-4
-5.79834E-4
-4.5776367E-4
-4.5776367E-4
-5.493164E-4
-5.493164E-4
-5.187988E-4
-5.187988E-4
-5.187988E-4
-5.187988E-4
-5.187988E-4
-5.187988E-4
-5.493164E-4
-5.493164E-4
-2.746582E-4
-2.746582E-4
-2.1362305E-4
-2.1362305E-4
-3.0517578E-4
-3.0517578E-4
-2.1362305E-4
-2.1362305E-4
-2.4414062E-4
-2.4414062E-4
-2.4414062E-4
-2.4414062E-4
-1.8310547E-4
-1.8310547E-4
-2.1362305E-4
-2.1362305E-4
-3.0517578E-4
-3.0517578E-4
-9.1552734E-5
-9.1552734E-5
-1.2207031E-4
-1.2207031E-4
-9.1552734E-5
-9.1552734E-5
-2.746582E-4
-2.746582E-4
-1.2207031E-4
-1.2207031E-4
-9.1552734E-5
-9.1552734E-5
-2.4414062E-4
-2.4414062E-4
-2.1362305E-4
-2.1362305E-4
-2.1362305E-4
-2.1362305E-4
-1.2207031E-4
-1.2207031E-4
-1.5258789E-4
-1.5258789E-4
-1.5258789E-4
-1.5258789E-4
-1.2207031E-4
-1.2207031E-4
-9.1552734E-5
-9.1552734E-5
-6.1035156E-5
-6.1035156E-5
-1.8310547E-4
-1.8310547E-4
-1.8310547E-4
-1.8310547E-4
-9.1552734E-5
-9.1552734E-5
0.0
0.0
-9.1552734E-5
-9.1552734E-5
-3.0517578E-5
-3.0517578E-5
-1.2207031E-4
-1.2207031E-4
-1.2207031E-4
-1.2207031E-4
-9.1552734E-5
-9.1552734E-5
-6.1035156E-5
-6.1035156E-5
-6.1035156E-5
-6.1035156E-5
-2.4414062E-4
-2.4414062E-4
-9.1552734E-5
-9.1552734E-5
-6.1035156E-5
-6.1035156E-5
-6.1035156E-5
-6.1035156E-5
0.0
0.0
-2.1362305E-4
-2.1362305E-4
-1.2207031E-4
-1.2207031E-4
-6.1035156E-5
-6.1035156E-5
-6.1035156E-5
-6.1035156E-5
-1.8310547E-4
-1.8310547E-4
-1.2207031E-4
-1.2207031E-4
-1.2207031E-4
-1.2207031E-4
-1.5258789E-4
-1.5258789E-4
-3.0517578E-5
-3.0517578E-5
-3.0517578E-5
-3.0517578E-5
-9.1552734E-5
-9.1552734E-5
-3.0517578E-5
-3.0517578E-5
-2.1362305E-4
-2.1362305E-4
0.0
0.0
0.0
0.0
0.0
0.0
9.1552734E-5
9.1552734E-5
1.2207031E-4
1.2207031E-4
2.1362305E-4
2.1362305E-4
-3.0517578E-5
-3.0517578E-5
1.8310547E-4
1.8310547E-4
2.1362305E-4
2.1362305E-4
1.8310547E-4
1.8310547E-4
9.1552734E-5
9.1552734E-5
1.8310547E-4
1.8310547E-4
3.0517578E-5
3.0517578E-5
2.1362305E-4
2.1362305E-4
6.1035156E-5
6.1035156E-5
2.1362305E-4
2.1362305E-4
1.5258789E-4
1.5258789E-4
1.5258789E-4
1.5258789E-4
2.1362305E-4
2.1362305E-4
1.5258789E-4
1.5258789E-4
1.8310547E-4
1.8310547E-4
2.1362305E-4
2.1362305E-4
1.8310547E-4
1.8310547E-4
1.5258789E-4
1.5258789E-4
3.0517578E-4
3.0517578E-4
2.746582E-4
2.746582E-4
2.4414062E-4
2.4414062E-4
1.8310547E-4
1.8310547E-4
3.0517578E-4
3.0517578E-4
2.4414062E-4
2.4414062E-4
3.0517578E-4
3.0517578E-4
2.746582E-4
2.746582E-4
2.4414062E-4
2.4414062E-4
1.5258789E-4
1.5258789E-4
2.4414062E-4
2.4414062E-4
2.746582E-4
2.746582E-4
2.1362305E-4
2.1362305E-4
9.1552734E-5
9.1552734E-5
2.4414062E-4
2.4414062E-4
3.0517578E-4
3.0517578E-4
1.5258789E-4
1.5258789E-4
2.1362305E-4
2.1362305E-4
2.746582E-4
2.746582E-4
2.4414062E-4
2.4414062E-4
2.1362305E-4
2.1362305E-4
3.0517578E-4
3.0517578E-4
2.4414062E-4
2.4414062E-4
3.3569336E-4
3.3569336E-4
2.1362305E-4
2.1362305E-4
1.5258789E-4
1.5258789E-4
9.1552734E-5
9.1552734E-5
3.0517578E-4
3.0517578E-4
1.5258789E-4
1.5258789E-4
1.5258789E-4
1.5258789E-4
6.1035156E-5
6.1035156E-5
1.5258789E-4
1.5258789E-4
6.1035156E-5
6.1035156E-5
9.1552734E-5
9.1552734E-5
9.1552734E-5
9.1552734E-5
2.4414062E-4
2.4414062E-4
1.5258789E-4
1.5258789E-4
1.8310547E-4
1.8310547E-4
1.5258789E-4
1.5258789E-4
1.2207031E-4
1.2207031E-4
0.0
0.0
9.1552734E-5
9.1552734E-5
6.1035156E-5
6.1035156E-5
2.1362305E-4
2.1362305E-4
9.1552734E-5
9.1552734E-5
1.8310547E-4
1.8310547E-4
1.5258789E-4
1.5258789E-4
0.0
0.0
1.8310547E-4
1.8310547E-4
1.5258789E-4
1.5258789E-4
1.5258789E-4
1.5258789E-4
3.0517578E-5
3.0517578E-5
1.5258789E-4
1.5258789E-4
1.2207031E-4
1.2207031E-4
1.5258789E-4
1.5258789E-4
1.5258789E-4
1.5258789E-4
3.0517578E-5
3.0517578E-5
6.1035156E-5
6.1035156E-5
9.1552734E-5
9.1552734E-5
1.2207031E-4
1.2207031E-4
6.1035156E-5
6.1035156E-5
1.2207031E-4
1.2207031E-4
0.0
0.0
3.0517578E-5
3.0517578E-5
6.1035156E-5
6.1035156E-5
0.0
0.0
3.0517578E-5
3.0517578E-5
1.2207031E-4
1.2207031E-4
-3.0517578E-5
-3.0517578E-5
6.1035156E-5
6.1035156E-5
1.2207031E-4
1.2207031E-4
1.8310547E-4
1.8310547E-4
3.0517578E-5
3.0517578E-5
9.1552734E-5
9.1552734E-5
9.1552734E-5
9.1552734E-5
-6.1035156E-5
-6.1035156E-5
-9.1552734E-5
-9.1552734E-5
-3.0517578E-5
-3.0517578E-5
-3.0517578E-5
-3.0517578E-5
-1.2207031E-4
-1.2207031E-4
-9.1552734E-5
-9.1552734E-5
-1.2207031E-4
-1.2207031E-4
0.0
0.0
-9.1552734E-5
-9.1552734E-5
-2.4414062E-4
-2.4414062E-4
-1.8310547E-4
-1.8310547E-4
-3.3569336E-4
-3.3569336E-4
-3.6621094E-4
-3.6621094E-4
-2.746582E-4
-2.746582E-4
-3.0517578E-4
-3.0517578E-4
-2.4414062E-4
-2.4414062E-4
-4.272461E-4
-4.272461E-4
-3.6621094E-4
-3.6621094E-4
-2.746582E-4
-2.746582E-4
-4.8828125E-4
-4.8828125E-4
-3.6621094E-4
-3.6621094E-4
-3.0517578E-4
-3.0517578E-4
-3.3569336E-4
-3.3569336E-4
-4.272461E-4
-4.272461E-4
-3.9672852E-4
-3.9672852E-4
-4.5776367E-4
-4.5776367E-4
-3.6621094E-4
-3.6621094E-4
-3.6621094E-4
-3.6621094E-4
-4.5776367E-4
-4.5776367E-4
-3.9672852E-4
-3.9672852E-4
-3.3569336E-4
-3.3569336E-4
-4.272461E-4
-4.272461E-4
-4.5776367E-4
-4.5776367E-4
-3.9672852E-4
-3.9672852E-4
-3.6621094E-4
-3.6621094E-4
-3.0517578E-4
-3.0517578E-4
-4.272461E-4
-4.272461E-4
-2.746582E-4
-2.746582E-4
-4.5776367E-4
-4.5776367E-4
-3.0517578E-4
-3.0517578E-4
-4.5776367E-4
-4.5776367E-4
-3.6621094E-4
-3.6621094E-4
-3.6621094E-4
-3.6621094E-4
-3.0517578E-4
-3.0517578E-4
-3.0517578E-4
-3.0517578E-4
-3.0517578E-4
-3.0517578E-4
-2.4414062E-4
-2.4414062E-4
-2.1362305E-4
-2.1362305E-4
-1.8310547E-4
-1.8310547E-4
-2.1362305E-4
-2.1362305E-4
-2.1362305E-4
-2.1362305E-4
-1.5258789E-4
-1.5258789E-4
-3.3569336E-4
-3.3569336E-4
-1.8310547E-4
-1.8310547E-4
-1.5258789E-4
-1.5258789E-4
-2.4414062E-4
-2.4414062E-4
-6.1035156E-5
-6.1035156E-5
-3.0517578E-5
-3.0517578E-5
-1.8310547E-4
-1.8310547E-4
-6.1035156E-5
-6.1035156E-5
-1.2207031E-4
-1.2207031E-4
-1.2207031E-4
-1.2207031E-4
-1.5258789E-4
-1.5258789E-4
-6.1035156E-5
-6.1035156E-5
-1.2207031E-4
-1.2207031E-4
-9.1552734E-5
-9.1552734E-5
-1.2207031E-4
-1.2207031E-4
-3.0517578E-5
-3.0517578E-5
-6.1035156E-5
-6.1035156E-5
-1.5258789E-4
-1.5258789E-4
0.0
0.0
-3.0517578E-5
-3.0517578E-5
-3.0517578E-5
-3.0517578E-5
6.1035156E-5
6.1035156E-5
3.0517578E-5
3.0517578E-5
3.0517578E-5
3.0517578E-5
0.0
0.0
9.1552734E-5
9.1552734E-5
0.0
0.0
0.0
0.0
9.1552734E-5
9.1552734E-5
9.1552734E-5
9.1552734E-5
1.2207031E-4
1.2207031E-4
2.1362305E-4
2.1362305E-4
1.5258789E-4
1.5258789E-4
9.1552734E-5
9.1552734E-5
1.2207031E-4
1.2207031E-4
3.0517578E-5
3.0517578E-5
2.1362305E-4
2.1362305E-4
1.5258789E-4
1.5258789E-4
1.2207031E-4
1.2207031E-4
1.5258789E-4
1.5258789E-4
2.4414062E-4
2.4414062E-4
2.4414062E-4
2.4414062E-4
2.746582E-4
2.746582E-4
2.746582E-4
2.746582E-4
3.3569336E-4
3.3569336E-4
3.0517578E-4
3.0517578E-4
4.5776367E-4
4.5776367E-4
3.9672852E-4
3.9672852E-4
4.272461E-4
4.272461E-4
3.3569336E-4
3.3569336E-4
3.3569336E-4
3.3569336E-4
4.272461E-4
4.272461E-4
3.9672852E-4
3.9672852E-4
4.272461E-4
4.272461E-4
4.5776367E-4
4.5776367E-4
3.6621094E-4
3.6621094E-4
3.9672852E-4
3.9672852E-4
4.8828125E-4
4.8828125E-4
4.5776367E-4
4.5776367E-4
4.8828125E-4
4.8828125E-4
3.0517578E-4
3.0517578E-4
5.187988E-4
5.187988E-4
4.272461E-4
4.272461E-4
3.9672852E-4
3.9672852E-4
5.187988E-4
5.187988E-4
5.79834E-4
5.79834E-4
5.493164E-4
5.493164E-4
3.9672852E-4
3.9672852E-4
4.8828125E-4
4.8828125E-4
4.8828125E-4
4.8828125E-4
4.5776367E-4
4.5776367E-4
4.272461E-4
4.272461E-4
5.79834E-4
5.79834E-4
4.5776367E-4
4.5776367E-4
5.187988E-4
5.187988E-4
3.6621094E-4
3.6621094E-4
4.272461E-4
4.272461E-4
5.187988E-4
5.187988E-4
3.9672852E-4
3.9672852E-4
3.6621094E-4
3.6621094E-4
3.3569336E-4
3.3569336E-4
4.272461E-4
4.272461E-4
4.5776367E-4
4.5776367E-4
2.4414062E-4
2.4414062E-4
4.272461E-4
4.272461E-4
2.4414062E-4
2.4414062E-4
3.9672852E-4
3.9672852E-4
2.4414062E-4
2.4414062E-4
2.4414062E-4
2.4414062E-4
3.3569336E-4
3.3569336E-4
2.1362305E-4
2.1362305E-4
1.5258789E-4
1.5258789E-4
2.1362305E-4
2.1362305E-4
2.4414062E-4
2.4414062E-4
1.8310547E-4
1.8310547E-4
1.2207031E-4
1.2207031E-4
1.5258789E-4
1.5258789E-4
1.2207031E-4
1.2207031E-4
3.0517578E-5
3.0517578E-5
9.1552734E-5
9.1552734E-5
9.1552734E-5
9.1552734E-5
3.0517578E-5
3.0517578E-5
3.0517578E-5
3.0517578E-5
-3.0517578E-5
-3.0517578E-5
3.0517578E-5
3.0517578E-5
0.0
0.0
-6.1035156E-5
-6.1035156E-5
-1.2207031E-4
-1.2207031E-4
3.0517578E-5
3.0517578E-5
-3.0517578E-5
-3.0517578E-5
-3.0517578E-5
-3.0517578E-5
0.0
0.0
-9.1552734E-5
-9.1552734E-5
-1.5258789E-4
-1.5258789E-4
-1.2207031E-4
-1.2207031E-4
-1.2207031E-4
-1.2207031E-4
-3.0517578E-5
-3.0517578E-5
-3.0517578E-5
-3.0517578E-5
-9.1552734E-5
-9.1552734E-5
-1.8310547E-4
-1.8310547E-4
-1.5258789E-4
-1.5258789E-4
-1.2207031E-4
-1.2207031E-4
-2.1362305E-4
-2.1362305E-4
-1.5258789E-4
-1.5258789E-4
-1.8310547E-4
-1.8310547E-4
-1.8310547E-4
-1.8310547E-4
-2.746582E-4
-2.746582E-4
-2.1362305E-4
-2.1362305E-4
-2.4414062E-4
-2.4414062E-4
-1.5258789E-4
-1.5258789E-4
-2.4414062E-4
-2.4414062E-4
-1.8310547E-4
-1.8310547E-4
-2.4414062E-4
-2.4414062E-4
-2.746582E-4
-2.746582E-4
-2.746582E-4
-2.746582E-4
-2.4414062E-4
-2.4414062E-4
-3.0517578E-4
-3.0517578E-4
-2.4414062E-4
-2.4414062E-4
-2.746582E-4
-2.746582E-4
-2.1362305E-4
-2.1362305E-4
-2.4414062E-4
-2.4414062E-4
-2.4414062E-4
-2.4414062E-4
-2.746582E-4
-2.746582E-4
-1.8310547E-4
-1.8310547E-4
-2.4414062E-4
-2.4414062E-4
-3.0517578E-4
-3.0517578E-4
-2.4414062E-4
-2.4414062E-4
-3.6621094E-4
-3.6621094E-4
-3.0517578E-4
-3.0517578E-4
-2.4414062E-4
-2.4414062E-4
-2.1362305E-4
-2.1362305E-4
-2.746582E-4
-2.746582E-4
-3.0517578E-4
-3.0517578E-4
-2.4414062E-4
-2.4414062E-4
-3.0517578E-4
-3.0517578E-4
-2.746582E-4
-2.746582E-4
-3.0517578E-4
-3.0517578E-4
-1.2207031E-4
-1.2207031E-4
-3.3569336E-4
-3.3569336E-4
-2.4414062E-4
-2.4414062E-4
-3.0517578E-4
-3.0517578E-4
-2.4414062E-4
-2.4414062E-4
-2.1362305E-4
-2.1362305E-4
-2.746582E-4
-2.746582E-4
-2.746582E-4
-2.746582E-4
-1.5258789E-4
-1.5258789E-4
-1.8310547E-4
-1.8310547E-4
-2.1362305E-4
-2.1362305E-4
-2.4414062E-4
-2.4414062E-4
-2.4414062E-4
-2.4414062E-4
-2.746582E-4
-2.746582E-4
-2.1362305E-4
-2.1362305E-4
-2.1362305E-4
-2.1362305E-4
-2.1362305E-4
-2.1362305E-4
-2.746582E-4
-2.746582E-4
-3.3569336E-4
-3.3569336E-4
-1.8310547E-4
-1.8310547E-4
-1.8310547E-4
-1.8310547E-4
-2.1362305E-4
-2.1362305E-4
-9.1552734E-5
-9.1552734E-5
-9.1552734E-5
-9.1552734E-5
-9.1552734E-5
-9.1552734E-5
-1.2207031E-4
-1.2207031E-4
-1.5258789E-4
-1.5258789E-4
-9.1552734E-5
-9.1552734E-5
-6.1035156E-5
-6.1035156E-5
-6.1035156E-5
-6.1035156E-5
-6.1035156E-5
-6.1035156E-5
-6.1035156E-5
-6.1035156E-5
0.0
0.0
-3.0517578E-5
-3.0517578E-5
-6.1035156E-5
-6.1035156E-5
-6.1035156E-5
-6.1035156E-5
-1.2207031E-4
-1.2207031E-4
-3.0517578E-5
-3.0517578E-5
0.0
0.0
0.0
0.0
-6.1035156E-5
-6.1035156E-5
-9.1552734E-5
-9.1552734E-5
-3.0517578E-5
-3.0517578E-5
3.0517578E-5
3.0517578E-5
-9.1552734E-5
-9.1552734E-5
0.0
0.0
0.0
0.0
0.0
0.0
3.0517578E-5
3.0517578E-5
0.0
0.0
-3.0517578E-5
-3.0517578E-5
3.0517578E-5
3.0517578E-5
0.0
0.0
3.0517578E-5
3.0517578E-5
9.1552734E-5
9.1552734E-5
0.0
0.0
3.0517578E-5
3.0517578E-5
6.1035156E-5
6.1035156E-5
6.1035156E-5
6.1035156E-5
9.1552734E-5
9.1552734E-5
6.1035156E-5
6.1035156E-5
0.0
0.0
1.2207031E-4
1.2207031E-4
6.1035156E-5
6.1035156E-5
6.1035156E-5
6.1035156E-5
1.5258789E-4
1.5258789E-4
9.1552734E-5
9.1552734E-5
6.1035156E-5
6.1035156E-5
3.0517578E-5
3.0517578E-5
3.0517578E-5
3.0517578E-5
1.2207031E-4
1.2207031E-4
6.1035156E-5
6.1035156E-5
-3.0517578E-5
-3.0517578E-5
6.1035156E-5
6.1035156E-5
1.2207031E-4
1.2207031E-4
9.1552734E-5
9.1552734E-5
1.2207031E-4
1.2207031E-4
0.0
0.0
6.1035156E-5
6.1035156E-5
1.5258789E-4
1.5258789E-4
1.2207031E-4
1.2207031E-4
3.0517578E-5
3.0517578E-5
3.0517578E-5
3.0517578E-5
1.2207031E-4
1.2207031E-4
9.1552734E-5
9.1552734E-5
3.0517578E-5
3.0517578E-5
2.1362305E-4
2.1362305E-4
1.2207031E-4
1.2207031E-4
3.0517578E-5
3.0517578E-5
9.1552734E-5
9.1552734E-5
3.0517578E-5
3.0517578E-5
1.2207031E-4
1.2207031E-4
6.1035156E-5
6.1035156E-5
6.1035156E-5
6.1035156E-5
0.0
0.0
3.0517578E-5
3.0517578E-5
6.1035156E-5
6.1035156E-5
3.0517578E-5
3.0517578E-5
3.0517578E-5
3.0517578E-5
6.1035156E-5
6.1035156E-5
1.5258789E-4
1.5258789E-4
1.2207031E-4
1.2207031E-4
9.1552734E-5
9.1552734E-5
9.1552734E-5
9.1552734E-5
9.1552734E-5
9.1552734E-5
9.1552734E-5
9.1552734E-5
6.1035156E-5
6.1035156E-5
9.1552734E-5
9.1552734E-5
6.1035156E-5
6.1035156E-5
1.5258789E-4
1.5258789E-4
6.1035156E-5
6.1035156E-5
9.1552734E-5
9.1552734E-5
1.2207031E-4
1.2207031E-4
6.1035156E-5
6.1035156E-5
3.0517578E-5
3.0517578E-5
0.0
0.0
9.1552734E-5
9.1552734E-5
3.0517578E-5
3.0517578E-5
1.2207031E-4
1.2207031E-4
6.1035156E-5
6.1035156E-5
1.5258789E-4
1.5258789E-4
6.1035156E-5
6.1035156E-5
6.1035156E-5
6.1035156E-5
3.0517578E-5
3.0517578E-5
1.2207031E-4
1.2207031E-4
6.1035156E-5
6.1035156E-5
3.0517578E-5
3.0517578E-5
6.1035156E-5
6.1035156E-5
3.0517578E-5
3.0517578E-5
9.1552734E-5
9.1552734E-5
3.0517578E-5
3.0517578E-5
3.0517578E-5
3.0517578E-5
0.0
0.0
0.0
0.0
6.1035156E-5
6.1035156E-5
0.0
0.0
0.0
0.0
6.1035156E-5
6.1035156E-5
0.0
0.0
-3.0517578E-5
-3.0517578E-5
6.1035156E-5
6.1035156E-5
0.0
0.0
0.0
0.0
-3.0517578E-5
-3.0517578E-5
0.0
0.0
0.0
0.0
0.0
0.0
0.0
0.0
-3.0517578E-5
-3.0517578E-5
0.0
0.0
-6.1035156E-5
-6.1035156E-5
-3.0517578E-5
-3.0517578E-5
0.0
0.0
-9.1552734E-5
-9.1552734E-5
-3.0517578E-5
-3.0517578E-5
-6.1035156E-5
-6.1035156E-5
0.0
0.0
0.0
0.0
-6.1035156E-5
-6.1035156E-5
-9.1552734E-5
-9.1552734E-5
0.0
0.0
-6.1035156E-5
-6.1035156E-5
-3.0517578E-5
-3.0517578E-5
-6.1035156E-5
-6.1035156E-5
-6.1035156E-5
-6.1035156E-5
-3.0517578E-5
-3.0517578E-5
-3.0517578E-5
-3.0517578E-5
0.0
0.0
-3.0517578E-5
-3.0517578E-5
-6.1035156E-5
-6.1035156E-5
-3.0517578E-5
-3.0517578E-5
-3.0517578E-5
-3.0517578E-5
-3.0517578E-5
-3.0517578E-5
-3.0517578E-5
-3.0517578E-5
-9.1552734E-5
-9.1552734E-5
-9.1552734E-5
-9.1552734E-5
-3.0517578E-5
-3.0517578E-5
-3.0517578E-5
-3.0517578E-5
-3.0517578E-5
-3.0517578E-5
-6.1035156E-5
-6.1035156E-5
-6.1035156E-5
-6.1035156E-5
0.0
0.0
-3.0517578E-5
-3.0517578E-5
0.0
0.0
-3.0517578E-5
-3.0517578E-5
0.0
0.0
-1.2207031E-4
-1.2207031E-4
-3.0517578E-5
-3.0517578E-5
0.0
0.0
-3.0517578E-5
-3.0517578E-5
0.0
0.0
3.0517578E-5
3.0517578E-5
0.0
0.0
3.0517578E-5
3.0517578E-5
-3.0517578E-5
-3.0517578E-5
3.0517578E-5
3.0517578E-5
-3.0517578E-5
-3.0517578E-5
-3.0517578E-5
-3.0517578E-5
-6.1035156E-5
-6.1035156E-5
-3.0517578E-5
-3.0517578E-5
3.0517578E-5
3.0517578E-5
0.0
0.0
0.0
0.0
0.0
0.0
0.0
0.0
0.0
0.0
6.1035156E-5
6.1035156E-5
0.0
0.0
0.0
0.0
0.0
0.0
0.0
0.0
0.0
0.0
0.0
0.0
-6.1035156E-5
-6.1035156E-5
-3.0517578E-5
-3.0517578E-5
3.0517578E-5
3.0517578E-5
-3.0517578E-5
-3.0517578E-5
0.0
0.0
0.0
0.0
-3.0517578E-5
-3.0517578E-5
-3.0517578E-5
-3.0517578E-5
0.0
0.0
-3.0517578E-5
-3.0517578E-5
0.0
0.0
0.0
0.0
0.0
0.0
0.0
0.0
0.0
0.0
3.0517578E-5
3.0517578E-5
3.0517578E-5
3.0517578E-5
-3.0517578E-5
-3.0517578E-5
-3.0517578E-5
-3.0517578E-5
9.1552734E-5
9.1552734E-5
6.1035156E-5
6.1035156E-5
3.0517578E-5
3.0517578E-5
9.1552734E-5
9.1552734E-5
3.0517578E-5
3.0517578E-5
6.1035156E-5
6.1035156E-5
3.0517578E-5
3.0517578E-5
-6.1035156E-5
-6.1035156E-5
0.0
0.0
0.0
0.0
3.0517578E-5
3.0517578E-5
3.0517578E-5
3.0517578E-5
3.0517578E-5
3.0517578E-5
-3.0517578E-5
-3.0517578E-5
6.1035156E-5
6.1035156E-5
0.0
0.0
3.0517578E-5
3.0517578E-5
3.0517578E-5
3.0517578E-5
0.0
0.0
3.0517578E-5
3.0517578E-5
3.0517578E-5
3.0517578E-5
0.0
0.0
3.0517578E-5
3.0517578E-5
0.0
0.0
3.0517578E-5
3.0517578E-5
0.0
0.0
0.0
0.0
6.1035156E-5
6.1035156E-5
0.0
0.0
3.0517578E-5
3.0517578E-5
3.0517578E-5
3.0517578E-5
6.1035156E-5
6.1035156E-5
6.1035156E-5
6.1035156E-5
6.1035156E-5
6.1035156E-5
3.0517578E-5
3.0517578E-5
0.0
0.0
6.1035156E-5
6.1035156E-5
3.0517578E-5
3.0517578E-5
6.1035156E-5
6.1035156E-5
3.0517578E-5
3.0517578E-5
6.1035156E-5
6.1035156E-5
6.1035156E-5
6.1035156E-5
0.0
0.0
9.1552734E-5
9.1552734E-5
0.0
0.0
3.0517578E-5
3.0517578E-5
3.0517578E-5
3.0517578E-5
0.0
0.0
3.0517578E-5
3.0517578E-5
0.0
0.0
0.0
0.0
3.0517578E-5
3.0517578E-5
0.0
0.0
-3.0517578E-5
-3.0517578E-5
3.0517578E-5
3.0517578E-5
0.0
0.0
3.0517578E-5
3.0517578E-5
0.0
0.0
0.0
0.0
0.0
0.0
0.0
0.0
3.0517578E-5
3.0517578E-5
3.0517578E-5
3.0517578E-5
0.0
0.0
3.0517578E-5
3.0517578E-5
0.0
0.0
3.0517578E-5
3.0517578E-5
3.0517578E-5
3.0517578E-5
0.0
0.0
0.0
0.0
-3.0517578E-5
-3.0517578E-5
0.0
0.0
-3.0517578E-5
-3.0517578E-5
0.0
0.0
0.0
0.0
0.0
0.0
0.0
0.0
-6.1035156E-5
-6.1035156E-5
0.0
0.0
-3.0517578E-5
-3.0517578E-5
-3.0517578E-5
-3.0517578E-5
0.0
0.0
0.0
0.0
-3.0517578E-5
-3.0517578E-5
0.0
0.0
-3.0517578E-5
-3.0517578E-5
-3.0517578E-5
-3.0517578E-5
-3.0517578E-5
-3.0517578E-5
-3.0517578E-5
-3.0517578E-5
-3.0517578E-5
-3.0517578E-5
-3.0517578E-5
-3.0517578E-5
-3.0517578E-5
-3.0517578E-5
-3.0517578E-5
-3.0517578E-5
-3.0517578E-5
-3.0517578E-5
-3.0517578E-5
-3.0517578E-5
-6.1035156E-5
-6.1035156E-5
-6.1035156E-5
-6.1035156E-5
-6.1035156E-5
-6.1035156E-5
0.0
0.0
-6.1035156E-5
-6.1035156E-5
-6.1035156E-5
-6.1035156E-5
0.0
0.0
-9.1552734E-5
-9.1552734E-5
-6.1035156E-5
-6.1035156E-5
-3.0517578E-5
-3.0517578E-5
-3.0517578E-5
-3.0517578E-5
-6.1035156E-5
-6.1035156E-5
-3.0517578E-5
-3.0517578E-5
0.0
0.0
-6.1035156E-5
-6.1035156E-5
-3.0517578E-5
-3.0517578E-5
-3.0517578E-5
-3.0517578E-5
-6.1035156E-5
-6.1035156E-5
-9.1552734E-5
-9.1552734E-5
-6.1035156E-5
-6.1035156E-5
-1.2207031E-4
-1.2207031E-4
-3.0517578E-5
-3.0517578E-5
-9.1552734E-5
-9.1552734E-5
-6.1035156E-5
-6.1035156E-5
-6.1035156E-5
-6.1035156E-5
-6.1035156E-5
-6.1035156E-5
-9.1552734E-5
-9.1552734E-5
-3.0517578E-5
-3.0517578E-5
-3.0517578E-5
-3.0517578E-5
-6.1035156E-5
-6.1035156E-5
-6.1035156E-5
-6.1035156E-5
-3.0517578E-5
-3.0517578E-5
-6.1035156E-5
-6.1035156E-5
0.0
0.0
0.0
0.0
-9.1552734E-5
-9.1552734E-5
0.0
0.0
0.0
0.0
-3.0517578E-5
-3.0517578E-5
0.0
0.0
0.0
0.0
0.0
0.0
3.0517578E-5
3.0517578E-5
0.0
0.0
0.0
0.0
0.0
0.0
6.1035156E-5
6.1035156E-5
-3.0517578E-5
-3.0517578E-5
3.0517578E-5
3.0517578E-5
0.0
0.0
9.1552734E-5
9.1552734E-5
3.0517578E-5
3.0517578E-5
3.0517578E-5
3.0517578E-5
6.1035156E-5
6.1035156E-5
3.0517578E-5
3.0517578E-5
6.1035156E-5
6.1035156E-5
1.2207031E-4
1.2207031E-4
6.1035156E-5
6.1035156E-5
6.1035156E-5
6.1035156E-5
6.1035156E-5
6.1035156E-5
3.0517578E-5
3.0517578E-5
6.1035156E-5
6.1035156E-5
6.1035156E-5
6.1035156E-5
9.1552734E-5
9.1552734E-5
9.1552734E-5
9.1552734E-5
6.1035156E-5
6.1035156E-5
6.1035156E-5
6.1035156E-5
9.1552734E-5
9.1552734E-5
9.1552734E-5
9.1552734E-5
6.1035156E-5
6.1035156E-5
1.2207031E-4
1.2207031E-4
6.1035156E-5
6.1035156E-5
6.1035156E-5
6.1035156E-5
3.0517578E-5
3.0517578E-5
3.0517578E-5
3.0517578E-5
3.0517578E-5
3.0517578E-5
0.0
0.0
3.0517578E-5
3.0517578E-5
3.0517578E-5
3.0517578E-5
3.0517578E-5
3.0517578E-5
3.0517578E-5
3.0517578E-5
6.1035156E-5
6.1035156E-5
3.0517578E-5
3.0517578E-5
0.0
0.0
0.0
0.0
0.0
0.0
0.0
0.0
3.0517578E-5
3.0517578E-5
3.0517578E-5
3.0517578E-5
3.0517578E-5
3.0517578E-5
0.0
0.0
3.0517578E-5
3.0517578E-5
0.0
0.0
3.0517578E-5
3.0517578E-5
3.0517578E-5
3.0517578E-5
3.0517578E-5
3.0517578E-5
6.1035156E-5
6.1035156E-5
3.0517578E-5
3.0517578E-5
6.1035156E-5
6.1035156E-5
3.0517578E-5
3.0517578E-5
0.0
0.0
3.0517578E-5
3.0517578E-5
0.0
0.0
0.0
0.0
0.0
0.0
3.0517578E-5
3.0517578E-5
3.0517578E-5
3.0517578E-5
0.0
0.0
0.0
0.0
0.0
0.0
0.0
0.0
0.0
0.0
3.0517578E-5
3.0517578E-5
0.0
0.0
3.0517578E-5
3.0517578E-5
0.0
0.0
0.0
0.0
0.0
0.0
0.0
0.0
0.0
0.0
0.0
0.0
0.0
0.0
0.0
0.0
0.0
0.0
0.0
0.0
0.0
0.0
0.0
0.0
0.0
0.0
-3.0517578E-5
-3.0517578E-5
-3.0517578E-5
-3.0517578E-5
-3.0517578E-5
-3.0517578E-5
0.0
0.0
-3.0517578E-5
-3.0517578E-5
0.0
0.0
-3.0517578E-5
-3.0517578E-5
0.0
0.0
-3.0517578E-5
-3.0517578E-5
0.0
0.0
0.0
0.0
-3.0517578E-5
-3.0517578E-5
-3.0517578E-5
-3.0517578E-5
0.0
0.0
-3.0517578E-5
-3.0517578E-5
0.0
0.0
-3.0517578E-5
-3.0517578E-5
-3.0517578E-5
-3.0517578E-5
-3.0517578E-5
-3.0517578E-5
0.0
0.0
-3.0517578E-5
-3.0517578E-5
-3.0517578E-5
-3.0517578E-5
-3.0517578E-5
-3.0517578E-5
-6.1035156E-5
-6.1035156E-5
-3.0517578E-5
-3.0517578E-5
0.0
0.0
-3.0517578E-5
-3.0517578E-5
-3.0517578E-5
-3.0517578E-5
-6.1035156E-5
-6.1035156E-5
-3.0517578E-5
-3.0517578E-5
-3.0517578E-5
-3.0517578E-5
0.0
0.0
-3.0517578E-5
-3.0517578E-5
-3.0517578E-5
-3.0517578E-5
0.0
0.0
-3.0517578E-5
-3.0517578E-5
0.0
0.0
-6.1035156E-5
-6.1035156E-5
0.0
0.0
-3.0517578E-5
-3.0517578E-5
-3.0517578E-5
-3.0517578E-5
0.0
0.0
-3.0517578E-5
-3.0517578E-5
0.0
0.0
0.0
0.0
0.0
0.0
0.0
0.0
-3.0517578E-5
-3.0517578E-5
0.0
0.0
0.0
0.0
-3.0517578E-5
-3.0517578E-5
0.0
0.0
0.0
0.0
0.0
0.0
0.0
0.0
0.0
0.0
0.0
0.0
0.0
0.0
0.0
0.0
0.0
0.0
0.0
0.0
0.0
0.0
0.0
0.0
0.0
0.0
0.0
0.0
0.0
0.0
0.0
0.0
0.0
0.0
0.0
0.0
0.0
0.0
0.0
0.0
0.0
0.0
0.0
0.0
0.0
0.0
-3.0517578E-5
-3.0517578E-5
0.0
0.0
0.0
0.0
0.0
0.0
0.0
0.0
-3.0517578E-5
-3.0517578E-5
-3.0517578E-5
-3.0517578E-5
0.0
0.0
-3.0517578E-5
-3.0517578E-5
0.0
0.0
-3.0517578E-5
-3.0517578E-5
-3.0517578E-5
-3.0517578E-5
0.0
0.0
-3.0517578E-5
-3.0517578E-5
0.0
0.0
0.0
0.0
0.0
0.0
0.0
0.0
-3.0517578E-5
-3.0517578E-5
0.0
0.0
0.0
0.0
0.0
0.0
0.0
0.0
-3.0517578E-5
-3.0517578E-5
0.0
0.0
-3.0517578E-5
-3.0517578E-5
0.0
0.0
0.0
0.0
0.0
0.0
0.0
0.0
0.0
0.0
0.0
0.0
0.0
0.0
0.0
0.0
0.0
0.0
0.0
0.0
0.0
0.0
0.0
0.0
0.0
0.0
0.0
0.0
0.0
0.0
0.0
0.0
0.0
0.0
0.0
0.0
0.0
0.0
0.0
0.0
0.0
0.0
0.0
0.0
0.0
0.0
0.0
0.0
3.0517578E-5
3.0517578E-5
0.0
0.0
0.0
0.0
0.0
0.0
3.0517578E-5
3.0517578E-5
0.0
0.0
0.0
0.0
3.0517578E-5
3.0517578E-5
0.0
0.0
0.0
0.0
0.0
0.0
0.0
0.0
3.0517578E-5
3.0517578E-5
3.0517578E-5
3.0517578E-5
3.0517578E-5
3.0517578E-5
0.0
0.0
0.0
0.0
3.0517578E-5
3.0517578E-5
0.0
0.0
3.0517578E-5
3.0517578E-5
3.0517578E-5
3.0517578E-5
0.0
0.0
0.0
0.0
0.0
0.0
0.0
0.0
0.0
0.0
0.0
0.0
0.0
0.0
0.0
0.0
0.0
0.0
0.0
0.0
0.0
0.0
0.0
0.0
0.0
0.0
0.0
0.0
0.0
0.0
0.0
0.0
0.0
0.0
0.0
0.0
0.0
0.0
0.0
0.0
0.0
0.0
0.0
0.0
0.0
0.0
0.0
0.0
0.0
0.0
0.0
0.0
0.0
0.0
0.0
0.0
0.0
0.0
0.0
0.0
0.0
0.0
0.0
0.0
0.0
0.0
0.0
0.0
0.0
0.0
0.0
0.0
0.0
0.0
0.0
0.0
0.0
0.0
0.0
0.0
0.0
0.0
0.0
0.0
0.0
0.0
0.0
0.0
0.0
0.0
0.0
0.0
0.0
0.0
0.0
0.0
0.0
0.0
0.0
0.0
0.0
0.0
0.0
0.0
0.0
0.0
0.0
0.0
0.0
0.0
0.0
0.0
0.0
0.0
0.0
0.0
0.0
0.0
0.0
0.0
0.0
0.0
0.0
0.0
0.0
0.0
0.0
0.0
0.0
0.0
0.0
0.0
0.0
0.0
0.0
0.0
0.0
0.0
0.0
0.0
0.0
0.0
0.0
0.0
0.0
0.0
0.0
0.0
0.0
0.0
0.0
0.0
0.0
0.0
0.0
0.0
0.0
0.0
0.0
0.0
0.0
0.0
0.0
0.0
0.0
0.0
0.0
0.0
0.0
0.0
0.0
0.0
0.0
0.0
0.0
0.0
0.0
0.0
0.0
0.0
0.0
0.0
0.0
0.0
0.0
0.0
0.0
0.0
0.0
0.0
0.0
0.0
0.0
0.0
0.0
0.0
0.0
0.0
0.0
0.0
0.0
0.0
0.0
0.0
0.0
0.0
0.0
0.0
0.0
0.0
0.0
0.0
0.0
0.0
0.0
0.0
0.0
0.0
0.0
0.0
0.0
0.0
0.0
0.0
0.0
0.0
0.0
0.0
0.0
0.0
0.0
0.0
0.0
0.0
0.0
0.0
0.0
0.0
