0.0014343262
0.0014343262
0.0032348633
0.0032348633
0.0053710938
0.0053710938
0.007873535
0.007873535
0.0105896
0.0105896
0.013946533
0.013946533
0.017486572
0.017486572
0.021728516
0.021728516
0.02658081
0.02658081
0.030731201
0.030731201
0.033935547
0.033935547
0.036193848
0.036193848
0.03982544
0.03982544
0.044281006
0.044281006
0.09988403
0.09988403
-0.177948
-0.177948
-0.9706726
-0.9706726
-0.59088135
-0.59088135
0.49465942
0.49465942
-0.9792175
-0.9792175
0.91397095
0.91397095
0.5122986
0.5122986
-0.27920532
-0.27920532
0.99542236
0.99542236
0.61190796
0.61190796
-0.35327148
-0.35327148
0.9965515
0.9965515
0.41201782
0.41201782
-0.09793091
-0.09793091
0.9108887
0.9108887
-0.5673828
-0.5673828
0.3527527
0.3527527
-0.5119629
-0.5119629
-0.854126
-0.854126
-0.24224854
-0.24224854
-0.72387695
-0.72387695
0.28302002
0.28302002
-0.049591064
-0.049591064
0.2904358
0.2904358
0.9444275
0.9444275
0.13259888
0.13259888
-0.28198242
-0.28198242
0.41552734
0.41552734
-0.47192383
-0.47192383
0.046051025
0.046051025
0.23269653
0.23269653
-0.2564087
-0.2564087
0.005584717
0.005584717
-0.48764038
-0.48764038
-0.6014404
-0.6014404
-0.26315308
-0.26315308
-0.051239014
-0.051239014
0.21694946
0.21694946
0.28240967
0.28240967
0.38757324
0.38757324
0.47763062
0.47763062
0.037322998
0.037322998
0.03253174
0.03253174
-0.024536133
-0.024536133
-0.34014893
-0.34014893
-0.04864502
-0.04864502
-0.115234375
-0.115234375
-0.18804932
-0.18804932
0.040405273
0.040405273
-0.24130249
-0.24130249
-0.22634888
-0.22634888
-0.022918701
-0.022918701
0.07846069
0.07846069
0.14920044
0.14920044
0.19467163
0.19467163
0.24331665
0.24331665
0.20632935
0.20632935
0.17459106
0.17459106
-0.0134887695
-0.0134887695
-0.0793457
-0.0793457
-0.16519165
-0.16519165
-0.08547974
-0.08547974
-0.13717651
-0.13717651
-0.023406982
-0.023406982
-0.11993408
-0.11993408
-0.041809082
-0.041809082
-0.05633545
-0.05633545
0.04660034
0.04660034
0.08816528
0.08816528
0.058654785
0.058654785
0.038391113
0.038391113
-0.0018005371
-0.0018005371
0.032592773
0.032592773
0.022155762
0.022155762
0.014801025
0.014801025
-0.015563965
-0.015563965
-0.0027160645
-0.0027160645
-0.055908203
-0.055908203
-0.044433594
-0.044433594
-0.053710938
-0.053710938
0.014465332
0.014465332
0.043548584
0.043548584
0.11175537
0.11175537
0.014099121
0.014099121
0.027435303
0.027435303
0.057495117
0.057495117
0.023406982
0.023406982
-0.009094238
-0.009094238
-0.005706787
-0.005706787
-0.036834717
-0.036834717
0.026611328
0.026611328
0.038330078
0.038330078
-0.049194336
-0.049194336
-0.094696045
-0.094696045
-0.12945557
-0.12945557
-0.015258789
-0.015258789
0.05340576
0.05340576
0.11743164
0.11743164
0.08383179
0.08383179
0.07827759
0.07827759
0.009643555
0.009643555
-0.02130127
-0.02130127
-0.03591919
-0.03591919
-0.055786133
-0.055786133
0.041046143
0.041046143
-0.00970459
-0.00970459
0.013702393
0.013702393
0.00894165
0.00894165
-0.020080566
-0.020080566
-0.10256958
-0.10256958
-0.056640625
-0.056640625
-0.03375244
-0.03375244
0.09475708
0.09475708
0.02267456
0.02267456
0.07424927
0.07424927
-0.016601562
-0.016601562
-0.016204834
-0.016204834
-0.07711792
-0.07711792
0.0019836426
0.0019836426
0.020812988
0.020812988
0.030090332
0.030090332
-0.04800415
-0.04800415
-0.047821045
-0.047821045
0.016052246
0.016052246
-0.005065918
-0.005065918
-1.8310547E-4
-1.8310547E-4
-0.022979736
-0.022979736
0.003540039
0.003540039
-0.06863403
-0.06863403
-0.032958984
-0.032958984
0.028930664
0.028930664
0.024871826
0.024871826
0.078308105
0.078308105
-0.08255005
-0.08255005
-0.07775879
-0.07775879
-0.05307007
-0.05307007
0.048034668
0.048034668
0.013122559
0.013122559
-0.0074768066
-0.0074768066
-0.017974854
-0.017974854
0.015106201
0.015106201
0.04916382
0.04916382
0.04736328
0.04736328
0.0030212402
0.0030212402
-0.009552002
-0.009552002
-0.004119873
-0.004119873
-0.0022888184
-0.0022888184
-0.034698486
-0.034698486
0.012939453
0.012939453
0.026428223
0.026428223
7.9345703E-4
7.9345703E-4
-0.042633057
-0.042633057
-0.07394409
-0.07394409
0.003326416
0.003326416
-0.021453857
-0.021453857
-0.0335083
-0.0335083
0.0154418945
0.0154418945
0.01184082
0.01184082
0.011566162
0.011566162
-0.012451172
-0.012451172
-0.008514404
-0.008514404
-0.014801025
-0.014801025
0.008361816
0.008361816
-0.032104492
-0.032104492
-0.0050964355
-0.0050964355
-0.03451538
-0.03451538
0.011169434
0.011169434
8.8500977E-4
8.8500977E-4
0.025756836
0.025756836
0.00970459
0.00970459
-0.014709473
-0.014709473
-0.027435303
-0.027435303
0.018829346
0.018829346
-0.006652832
-0.006652832
-0.018829346
-0.018829346
0.018157959
0.018157959
0.0054016113
0.0054016113
0.0064086914
0.0064086914
-0.013519287
-0.013519287
-0.04977417
-0.04977417
0.017456055
0.017456055
-0.0010986328
-0.0010986328
4.8828125E-4
4.8828125E-4
0.018493652
0.018493652
-0.0032958984
-0.0032958984
0.032562256
0.032562256
-0.009216309
-0.009216309
0.016998291
0.016998291
0.036865234
0.036865234
-0.008361816
-0.008361816
-0.0030822754
-0.0030822754
0.022888184
0.022888184
-0.02508545
-0.02508545
0.018341064
0.018341064
-0.005706787
-0.005706787
0.012145996
0.012145996
0.003967285
0.003967285
-0.01687622
-0.01687622
0.0032653809
0.0032653809
0.02029419
0.02029419
0.0026550293
0.0026550293
0.013305664
0.013305664
-0.007873535
-0.007873535
-0.0033569336
-0.0033569336
0.0049743652
0.0049743652
0.008178711
0.008178711
-0.018981934
-0.018981934
-0.024932861
-0.024932861
-0.022460938
-0.022460938
0.011291504
0.011291504
0.02456665
0.02456665
-0.0040893555
-0.0040893555
-0.025299072
-0.025299072
-0.0065307617
-0.0065307617
-0.009918213
-0.009918213
0.013977051
0.013977051
0.002319336
0.002319336
0.0015258789
0.0015258789
-0.04675293
-0.04675293
0.0018310547
0.0018310547
0.013885498
0.013885498
0.01626587
0.01626587
-0.0048828125
-0.0048828125
0.0053710938
0.0053710938
-0.023651123
-0.023651123
-0.004272461
-0.004272461
-0.03466797
-0.03466797
-0.001159668
-0.001159668
0.042633057
0.042633057
0.017028809
0.017028809
0.001373291
0.001373291
-0.021362305
-0.021362305
0.007659912
0.007659912
0.021453857
0.021453857
0.025054932
0.025054932
0.01864624
0.01864624
0.0026855469
0.0026855469
-0.021118164
-0.021118164
-0.0046691895
-0.0046691895
0.015655518
0.015655518
-0.0025939941
-0.0025939941
0.0038452148
0.0038452148
-0.0010986328
-0.0010986328
-9.1552734E-4
-9.1552734E-4
0.025604248
0.025604248
0.013702393
0.013702393
0.001159668
0.001159668
0.0048828125
0.0048828125
-9.1552734E-4
-9.1552734E-4
-9.460449E-4
-9.460449E-4
-0.01687622
-0.01687622
0.011260986
0.011260986
0.005065918
0.005065918
-0.0011291504
-0.0011291504
0.0047302246
0.0047302246
0.004119873
0.004119873
-0.0021362305
-0.0021362305
0.008392334
0.008392334
0.003479004
0.003479004
0.0012512207
0.0012512207
-0.012939453
-0.012939453
-0.021331787
-0.021331787
-0.012390137
-0.012390137
0.006164551
0.006164551
0.011413574
0.011413574
0.0047302246
0.0047302246
-0.0037841797
-0.0037841797
-0.011077881
-0.011077881
0.007080078
0.007080078
-0.007873535
-0.007873535
0.004425049
0.004425049
0.012786865
0.012786865
0.014343262
0.014343262
-7.6293945E-4
-7.6293945E-4
-0.0028381348
-0.0028381348
-0.00982666
-0.00982666
-0.0025024414
-0.0025024414
0.0036621094
0.0036621094
-0.0067443848
-0.0067443848
-0.0033874512
-0.0033874512
0.0029296875
0.0029296875
0.0022583008
0.0022583008
0.009399414
0.009399414
0.013153076
0.013153076
0.002380371
0.002380371
-0.00491333
-0.00491333
-0.008483887
-0.008483887
-0.0024108887
-0.0024108887
7.6293945E-4
7.6293945E-4
0.004211426
0.004211426
-0.006378174
-0.006378174
-0.011688232
-0.011688232
-0.0038146973
-0.0038146973
-0.0043640137
-0.0043640137
-0.004486084
-0.004486084
-5.79834E-4
-5.79834E-4
0.0068359375
0.0068359375
3.0517578E-4
3.0517578E-4
0.0043029785
0.0043029785
0.0014953613
0.0014953613
0.0020751953
0.0020751953
6.713867E-4
6.713867E-4
0.002532959
0.002532959
-0.0087890625
-0.0087890625
-0.004760742
-0.004760742
-0.0044555664
-0.0044555664
-0.0032653809
-0.0032653809
-0.0039978027
-0.0039978027
0.0019836426
0.0019836426
0.0062561035
0.0062561035
-0.006652832
-0.006652832
-0.0047912598
-0.0047912598
0.0026855469
0.0026855469
0.005554199
0.005554199
0.0035705566
0.0035705566
0.0038757324
0.0038757324
0.0030517578
0.0030517578
-0.0012512207
-0.0012512207
-0.0049438477
-0.0049438477
-0.005554199
-0.005554199
-0.0071411133
-0.0071411133
-0.010131836
-0.010131836
-0.0010070801
-0.0010070801
-0.002960205
-0.002960205
-0.010375977
-0.010375977
-0.0053710938
-0.0053710938
1.8310547E-4
1.8310547E-4
-0.0028686523
-0.0028686523
3.9672852E-4
3.9672852E-4
-0.0022583008
-0.0022583008
-0.0035095215
-0.0035095215
-7.9345703E-4
-7.9345703E-4
-0.0053100586
-0.0053100586
0.0044555664
0.0044555664
0.0056152344
0.0056152344
-8.8500977E-4
-8.8500977E-4
-0.0045776367
-0.0045776367
-0.0029296875
-0.0029296875
-7.6293945E-4
-7.6293945E-4
0.0036621094
0.0036621094
-0.009063721
-0.009063721
-0.008728027
-0.008728027
0.0020446777
0.0020446777
0.0024719238
0.0024719238
0.004119873
0.004119873
0.0026855469
0.0026855469
-0.0034179688
-0.0034179688
-0.0027160645
-0.0027160645
-4.5776367E-4
-4.5776367E-4
-0.0022888184
-0.0022888184
-0.0022583008
-0.0022583008
-9.765625E-4
-9.765625E-4
-0.008117676
-0.008117676
-0.0036315918
-0.0036315918
0.0031738281
0.0031738281
-0.0054626465
-0.0054626465
-0.0014343262
-0.0014343262
0.004058838
0.004058838
0.0065307617
0.0065307617
0.0026550293
0.0026550293
-4.272461E-4
-4.272461E-4
-0.0027770996
-0.0027770996
0.0037841797
0.0037841797
0.006439209
0.006439209
0.0018005371
0.0018005371
0.008422852
0.008422852
0.0
0.0
0.0017089844
0.0017089844
0.005645752
0.005645752
-0.0035095215
-0.0035095215
0.0061950684
0.0061950684
-4.8828125E-4
-4.8828125E-4
0.0015563965
0.0015563965
0.010284424
0.010284424
7.6293945E-4
7.6293945E-4
0.001373291
0.001373291
0.0025634766
0.0025634766
-0.0011901855
-0.0011901855
-0.005279541
-0.005279541
-0.0028381348
-0.0028381348
-0.001373291
-0.001373291
0.007965088
0.007965088
-1.5258789E-4
-1.5258789E-4
-0.010314941
-0.010314941
-0.004699707
-0.004699707
-4.5776367E-4
-4.5776367E-4
4.5776367E-4
4.5776367E-4
0.0020141602
0.0020141602
0.0028076172
0.0028076172
0.00390625
0.00390625
0.0126953125
0.0126953125
0.008026123
0.008026123
3.0517578E-5
3.0517578E-5
0.0030822754
0.0030822754
-0.0032653809
-0.0032653809
-0.008270264
-0.008270264
-0.0038146973
-0.0038146973
-0.0079956055
-0.0079956055
7.019043E-4
7.019043E-4
0.0036621094
0.0036621094
3.9672852E-4
3.9672852E-4
-3.6621094E-4
-3.6621094E-4
-0.001373291
-0.001373291
-0.0039367676
-0.0039367676
7.324219E-4
7.324219E-4
-0.0027770996
-0.0027770996
-9.460449E-4
-9.460449E-4
0.0061950684
0.0061950684
0.0043640137
0.0043640137
6.4086914E-4
6.4086914E-4
-0.003540039
-0.003540039
-0.0077819824
-0.0077819824
-0.001159668
-0.001159668
-0.0034179688
-0.0034179688
0.0025939941
0.0025939941
0.0037841797
0.0037841797
0.0032958984
0.0032958984
0.0038146973
0.0038146973
0.0052490234
0.0052490234
-0.0015869141
-0.0015869141
-0.0018005371
-0.0018005371
-0.005126953
-0.005126953
-0.005432129
-0.005432129
0.0026550293
0.0026550293
0.005859375
0.005859375
0.0036621094
0.0036621094
6.1035156E-5
6.1035156E-5
-0.0022583008
-0.0022583008
-4.8828125E-4
-4.8828125E-4
-0.002105713
-0.002105713
0.0016479492
0.0016479492
0.0049438477
0.0049438477
0.0027160645
0.0027160645
0.0017700195
0.0017700195
2.1362305E-4
2.1362305E-4
0.002319336
0.002319336
0.002746582
0.002746582
-0.002319336
-0.002319336
-0.0033569336
-0.0033569336
-7.6293945E-4
-7.6293945E-4
0.002105713
0.002105713
0.0027160645
0.0027160645
0.0025024414
0.0025024414
4.5776367E-4
4.5776367E-4
-6.1035156E-4
-6.1035156E-4
-5.493164E-4
-5.493164E-4
0.001953125
0.001953125
1.8310547E-4
1.8310547E-4
-9.1552734E-5
-9.1552734E-5
7.019043E-4
7.019043E-4
-7.324219E-4
-7.324219E-4
-8.544922E-4
-8.544922E-4
-0.0016174316
-0.0016174316
-0.0048217773
-0.0048217773
-0.005065918
-0.005065918
-0.0013427734
-0.0013427734
-5.493164E-4
-5.493164E-4
-0.0015258789
-0.0015258789
-0.0019226074
-0.0019226074
-0.002105713
-0.002105713
-5.187988E-4
-5.187988E-4
-8.239746E-4
-8.239746E-4
-9.765625E-4
-9.765625E-4
-0.0012207031
-0.0012207031
-0.002960205
-0.002960205
-0.0014648438
-0.0014648438
-8.8500977E-4
-8.8500977E-4
-4.272461E-4
-4.272461E-4
-0.0015258789
-0.0015258789
-0.0012512207
-0.0012512207
-0.002166748
-0.002166748
-0.0010070801
-0.0010070801
-0.001159668
-0.001159668
-8.8500977E-4
-8.8500977E-4
9.460449E-4
9.460449E-4
9.1552734E-4
9.1552734E-4
-3.9672852E-4
-3.9672852E-4
-3.6621094E-4
-3.6621094E-4
-0.0020751953
-0.0020751953
-0.002532959
-0.002532959
-0.0025939941
-0.0025939941
-0.0026855469
-0.0026855469
-0.0024719238
-0.0024719238
-0.0015869141
-0.0015869141
-0.0015563965
-0.0015563965
-0.0020751953
-0.0020751953
-0.0016479492
-0.0016479492
-0.0025024414
-0.0025024414
-0.0016174316
-0.0016174316
-7.019043E-4
-7.019043E-4
-2.1362305E-4
-2.1362305E-4
-2.4414062E-4
-2.4414062E-4
-2.4414062E-4
-2.4414062E-4
4.5776367E-4
4.5776367E-4
5.79834E-4
5.79834E-4
0.0014343262
0.0014343262
8.8500977E-4
8.8500977E-4
0.0016784668
0.0016784668
0.001953125
0.001953125
0.0024108887
0.0024108887
0.0026550293
0.0026550293
0.0032348633
0.0032348633
0.0029296875
0.0029296875
0.0031433105
0.0031433105
0.0034484863
0.0034484863
0.0037231445
0.0037231445
0.0045776367
0.0045776367
0.0040893555
0.0040893555
0.0032348633
0.0032348633
0.0032653809
0.0032653809
0.0032043457
0.0032043457
0.002380371
0.002380371
0.0018920898
0.0018920898
0.0013427734
0.0013427734
7.019043E-4
7.019043E-4
3.3569336E-4
3.3569336E-4
1.5258789E-4
1.5258789E-4
0.0
0.0
-9.1552734E-5
-9.1552734E-5
-3.0517578E-4
-3.0517578E-4
-8.544922E-4
-8.544922E-4
-7.324219E-4
-7.324219E-4
-9.765625E-4
-9.765625E-4
-9.460449E-4
-9.460449E-4
-0.0011291504
-0.0011291504
-0.0010681152
-0.0010681152
-6.713867E-4
-6.713867E-4
-8.544922E-4
-8.544922E-4
-8.239746E-4
-8.239746E-4
-0.0011901855
-0.0011901855
-9.1552734E-4
-9.1552734E-4
-6.713867E-4
-6.713867E-4
-2.4414062E-4
-2.4414062E-4
1.8310547E-4
1.8310547E-4
0.0
0.0
-9.1552734E-5
-9.1552734E-5
-6.1035156E-4
-6.1035156E-4
-5.493164E-4
-5.493164E-4
-3.6621094E-4
-3.6621094E-4
-3.9672852E-4
-3.9672852E-4
-1.2207031E-4
-1.2207031E-4
-3.0517578E-4
-3.0517578E-4
-7.9345703E-4
-7.9345703E-4
-7.019043E-4
-7.019043E-4
-7.9345703E-4
-7.9345703E-4
-5.493164E-4
-5.493164E-4
-4.272461E-4
-4.272461E-4
-7.6293945E-4
-7.6293945E-4
-6.1035156E-4
-6.1035156E-4
-6.713867E-4
-6.713867E-4
-6.1035156E-4
-6.1035156E-4
-6.4086914E-4
-6.4086914E-4
-6.4086914E-4
-6.4086914E-4
-4.272461E-4
-4.272461E-4
-4.272461E-4
-4.272461E-4
-3.0517578E-4
-3.0517578E-4
-3.3569336E-4
-3.3569336E-4
-3.6621094E-4
-3.6621094E-4
-3.9672852E-4
-3.9672852E-4
-2.1362305E-4
-2.1362305E-4
-9.1552734E-5
-9.1552734E-5
1.5258789E-4
1.5258789E-4
3.0517578E-5
3.0517578E-5
3.0517578E-5
3.0517578E-5
1.2207031E-4
1.2207031E-4
6.1035156E-5
6.1035156E-5
1.2207031E-4
1.2207031E-4
9.1552734E-5
9.1552734E-5
2.4414062E-4
2.4414062E-4
4.5776367E-4
4.5776367E-4
3.3569336E-4
3.3569336E-4
2.746582E-4
2.746582E-4
3.0517578E-4
3.0517578E-4
1.8310547E-4
1.8310547E-4
2.1362305E-4
2.1362305E-4
2.4414062E-4
2.4414062E-4
3.9672852E-4
3.9672852E-4
3.9672852E-4
3.9672852E-4
2.1362305E-4
2.1362305E-4
1.5258789E-4
1.5258789E-4
1.8310547E-4
1.8310547E-4
2.4414062E-4
2.4414062E-4
3.0517578E-4
3.0517578E-4
3.0517578E-4
3.0517578E-4
3.0517578E-4
3.0517578E-4
3.6621094E-4
3.6621094E-4
2.4414062E-4
2.4414062E-4
2.1362305E-4
2.1362305E-4
2.1362305E-4
2.1362305E-4
2.1362305E-4
2.1362305E-4
3.9672852E-4
3.9672852E-4
3.3569336E-4
3.3569336E-4
2.4414062E-4
2.4414062E-4
2.4414062E-4
2.4414062E-4
1.5258789E-4
1.5258789E-4
2.1362305E-4
2.1362305E-4
9.1552734E-5
9.1552734E-5
9.1552734E-5
9.1552734E-5
9.1552734E-5
9.1552734E-5
1.2207031E-4
1.2207031E-4
1.5258789E-4
1.5258789E-4
6.1035156E-5
6.1035156E-5
0.0
0.0
0.0
0.0
0.0
0.0
-3.0517578E-5
-3.0517578E-5
0.0
0.0
0.0
0.0
-6.1035156E-5
-6.1035156E-5
-1.8310547E-4
-1.8310547E-4
-1.5258789E-4
-1.5258789E-4
-9.1552734E-5
-9.1552734E-5
-1.5258789E-4
-1.5258789E-4
-1.8310547E-4
-1.8310547E-4
-1.5258789E-4
-1.5258789E-4
-1.8310547E-4
-1.8310547E-4
-2.4414062E-4
-2.4414062E-4
-2.1362305E-4
-2.1362305E-4
-3.3569336E-4
-3.3569336E-4
-3.3569336E-4
-3.3569336E-4
-3.0517578E-4
-3.0517578E-4
-3.0517578E-4
-3.0517578E-4
-2.4414062E-4
-2.4414062E-4
-2.746582E-4
-2.746582E-4
-1.8310547E-4
-1.8310547E-4
-1.5258789E-4
-1.5258789E-4
-1.5258789E-4
-1.5258789E-4
0.0
0.0
-3.0517578E-5
-3.0517578E-5
0.0
0.0
9.1552734E-5
9.1552734E-5
2.1362305E-4
2.1362305E-4
2.1362305E-4
2.1362305E-4
2.4414062E-4
2.4414062E-4
3.0517578E-4
3.0517578E-4
3.0517578E-4
3.0517578E-4
3.0517578E-4
3.0517578E-4
3.9672852E-4
3.9672852E-4
4.5776367E-4
4.5776367E-4
4.272461E-4
4.272461E-4
4.8828125E-4
4.8828125E-4
3.9672852E-4
3.9672852E-4
3.9672852E-4
3.9672852E-4
3.9672852E-4
3.9672852E-4
3.3569336E-4
3.3569336E-4
3.0517578E-4
3.0517578E-4
1.2207031E-4
1.2207031E-4
6.1035156E-5
6.1035156E-5
-3.0517578E-5
-3.0517578E-5
0.0
0.0
-6.1035156E-5
-6.1035156E-5
-1.5258789E-4
-1.5258789E-4
-2.1362305E-4
-2.1362305E-4
-2.746582E-4
-2.746582E-4
-2.4414062E-4
-2.4414062E-4
-2.4414062E-4
-2.4414062E-4
-2.746582E-4
-2.746582E-4
-2.746582E-4
-2.746582E-4
-3.3569336E-4
-3.3569336E-4
-3.3569336E-4
-3.3569336E-4
-3.6621094E-4
-3.6621094E-4
-3.9672852E-4
-3.9672852E-4
-5.187988E-4
-5.187988E-4
-4.272461E-4
-4.272461E-4
-4.8828125E-4
-4.8828125E-4
-4.5776367E-4
-4.5776367E-4
-4.272461E-4
-4.272461E-4
-3.9672852E-4
-3.9672852E-4
-3.6621094E-4
-3.6621094E-4
-3.6621094E-4
-3.6621094E-4
-3.0517578E-4
-3.0517578E-4
-3.0517578E-4
-3.0517578E-4
-2.1362305E-4
-2.1362305E-4
-2.1362305E-4
-2.1362305E-4
-1.5258789E-4
-1.5258789E-4
-1.2207031E-4
-1.2207031E-4
-9.1552734E-5
-9.1552734E-5
0.0
0.0
-3.0517578E-5
-3.0517578E-5
9.1552734E-5
9.1552734E-5
1.2207031E-4
1.2207031E-4
1.8310547E-4
1.8310547E-4
2.4414062E-4
2.4414062E-4
2.1362305E-4
2.1362305E-4
2.746582E-4
2.746582E-4
2.4414062E-4
2.4414062E-4
2.1362305E-4
2.1362305E-4
1.8310547E-4
1.8310547E-4
1.8310547E-4
1.8310547E-4
1.2207031E-4
1.2207031E-4
6.1035156E-5
6.1035156E-5
6.1035156E-5
6.1035156E-5
0.0
0.0
-3.0517578E-5
-3.0517578E-5
-3.0517578E-5
-3.0517578E-5
-3.0517578E-5
-3.0517578E-5
-9.1552734E-5
-9.1552734E-5
-3.0517578E-5
-3.0517578E-5
-3.0517578E-5
-3.0517578E-5
-3.0517578E-5
-3.0517578E-5
0.0
0.0
0.0
0.0
0.0
0.0
3.0517578E-5
3.0517578E-5
6.1035156E-5
6.1035156E-5
6.1035156E-5
6.1035156E-5
1.2207031E-4
1.2207031E-4
9.1552734E-5
9.1552734E-5
1.2207031E-4
1.2207031E-4
1.5258789E-4
1.5258789E-4
1.5258789E-4
1.5258789E-4
2.1362305E-4
2.1362305E-4
2.1362305E-4
2.1362305E-4
2.1362305E-4
2.1362305E-4
1.5258789E-4
1.5258789E-4
1.5258789E-4
1.5258789E-4
1.5258789E-4
1.5258789E-4
1.2207031E-4
1.2207031E-4
1.2207031E-4
1.2207031E-4
6.1035156E-5
6.1035156E-5
0.0
0.0
0.0
0.0
-3.0517578E-5
-3.0517578E-5
-6.1035156E-5
-6.1035156E-5
-1.2207031E-4
-1.2207031E-4
-1.5258789E-4
-1.5258789E-4
-2.4414062E-4
-2.4414062E-4
-2.4414062E-4
-2.4414062E-4
-2.746582E-4
-2.746582E-4
-3.0517578E-4
-3.0517578E-4
-3.0517578E-4
-3.0517578E-4
-2.4414062E-4
-2.4414062E-4
-1.8310547E-4
-1.8310547E-4
-1.5258789E-4
-1.5258789E-4
0.0
0.0