0.006378174
0.006378174
0.017089844
0.017089844
0.031707764
0.031707764
0.04031372
0.04031372
-0.9332886
-0.9332886
-0.94314575
-0.94314575
0.99542236
0.99542236
0.72750854
0.72750854
-0.6963196
-0.6963196
-0.32028198
-0.32028198
0.3751526
0.3751526
-0.053222656
-0.053222656
-0.3798523
-0.3798523
0.005584717
0.005584717
-0.29888916
-0.29888916
0.37094116
0.37094116
0.0765686
0.0765686
0.03753662
0.03753662
-0.2708435
-0.2708435
0.0703125
0.0703125
0.20632935
0.20632935
-0.14834595
-0.14834595
-0.030090332
-0.030090332
-0.016693115
-0.016693115
0.09436035
0.09436035
0.040008545
0.040008545
-0.06326294
-0.06326294
0.014465332
0.014465332
0.04824829
0.04824829
-0.05630493
-0.05630493
-0.0024719238
-0.0024719238
-0.019561768
-0.019561768
0.10070801
0.10070801
-0.06304932
-0.06304932
0.041046143
0.041046143
-0.025054932
-0.025054932
-0.0664978
-0.0664978
0.024505615
0.024505615
0.040161133
0.040161133
-0.0743103
-0.0743103
0.033111572
0.033111572
-0.06863403
-0.06863403
0.07803345
0.07803345
-0.040161133
-0.040161133
-0.0491333
-0.0491333
0.013000488
0.013000488
0.0022277832
0.0022277832
7.324219E-4
7.324219E-4
-0.07394409
-0.07394409
0.038116455
0.038116455
-0.008087158
-0.008087158
0.023010254
0.023010254
-0.042053223
-0.042053223
-0.008270264
-0.008270264
-0.034484863
-0.034484863
0.0054016113
0.0054016113
-0.017852783
-0.017852783
0.00491333
0.00491333
-0.03439331
-0.03439331
0.035614014
0.035614014
0.015319824
0.015319824
0.00491333
0.00491333
0.0026550293
0.0026550293
0.0048828125
0.0048828125
-0.030303955
-0.030303955
0.01550293
0.01550293
0.009613037
0.009613037
0.008911133
0.008911133
0.03878784
0.03878784
-0.023651123
-0.023651123
0.0093688965
0.0093688965
-0.031158447
-0.031158447
0.0022583008
0.0022583008
0.0031738281
0.0031738281
-0.008544922
-0.008544922
-1.2207031E-4
-1.2207031E-4
-9.1552734E-4
-9.1552734E-4
-0.0010681152
-0.0010681152
0.013458252
0.013458252
0.0033874512
0.0033874512
-0.0050354004
-0.0050354004
0.0095825195
0.0095825195
-0.007873535
-0.007873535
0.014343262
0.014343262
-0.01083374
-0.01083374
-0.004425049
-0.004425049
0.012084961
0.012084961
-0.008087158
-0.008087158
0.0027770996
0.0027770996
-0.0032653809
-0.0032653809
0.0068359375
0.0068359375
0.006011963
0.006011963
-0.0064086914
-0.0064086914
-8.239746E-4
-8.239746E-4
7.324219E-4
7.324219E-4
0.0068359375
0.0068359375
-0.0038452148
-0.0038452148
-0.0071411133
-0.0071411133
-0.0076904297
-0.0076904297
-0.0073547363
-0.0073547363
0.0015563965
0.0015563965
-0.0010070801
-0.0010070801
-0.001739502
-0.001739502
0.004180908
0.004180908
0.004119873
0.004119873
-9.1552734E-5
-9.1552734E-5
-9.1552734E-5
-9.1552734E-5
0.0028381348
0.0028381348
9.1552734E-5
9.1552734E-5
-6.1035156E-5
-6.1035156E-5
0.0011291504
0.0011291504
0.005645752
0.005645752
0.009124756
0.009124756
0.002319336
0.002319336
-0.0068359375
-0.0068359375
0.0066833496
0.0066833496
0.0028381348
0.0028381348
0.0022583008
0.0022583008
3.0517578E-5
3.0517578E-5
-0.009155273
-0.009155273
0.0010070801
0.0010070801
-9.765625E-4
-9.765625E-4
0.0017700195
0.0017700195
-7.019043E-4
-7.019043E-4
-0.0014343262
-0.0014343262
0.0032958984
0.0032958984
8.544922E-4
8.544922E-4
0.0016784668
0.0016784668
2.746582E-4
2.746582E-4
4.8828125E-4
4.8828125E-4
9.1552734E-5
9.1552734E-5
0.0060424805
0.0060424805
0.002105713
0.002105713
-0.0014648438
-0.0014648438
-3.0517578E-5
-3.0517578E-5
-6.1035156E-4
-6.1035156E-4
-0.005493164
-0.005493164
-0.0017089844
-0.0017089844
-1.8310547E-4
-1.8310547E-4
-0.002960205
-0.002960205
-8.8500977E-4
-8.8500977E-4
-7.019043E-4
-7.019043E-4
8.544922E-4
8.544922E-4
-0.0018615723
-0.0018615723
-0.0032958984
-0.0032958984
-0.0015258789
-0.0015258789
-0.0016174316
-0.0016174316
3.6621094E-4
3.6621094E-4
0.0012817383
0.0012817383
0.0017700195
0.0017700195
0.0032043457
0.0032043457
0.0037841797
0.0037841797
0.0034484863
0.0034484863
0.0018920898
0.0018920898
5.79834E-4
5.79834E-4
-3.9672852E-4
-3.9672852E-4
-0.0010681152
-0.0010681152
-5.493164E-4
-5.493164E-4
-0.0010986328
-0.0010986328
-6.1035156E-5
-6.1035156E-5
-6.1035156E-4
-6.1035156E-4
-3.0517578E-5
-3.0517578E-5
-6.1035156E-4
-6.1035156E-4
-5.493164E-4
-5.493164E-4
-7.324219E-4
-7.324219E-4
-3.6621094E-4
-3.6621094E-4
-2.4414062E-4
-2.4414062E-4
-9.1552734E-5
-9.1552734E-5
3.0517578E-5
3.0517578E-5
9.1552734E-5
9.1552734E-5
2.746582E-4
2.746582E-4
2.4414062E-4
2.4414062E-4
3.9672852E-4
3.9672852E-4
2.746582E-4
2.746582E-4
3.0517578E-4
3.0517578E-4
2.746582E-4
2.746582E-4
3.3569336E-4
3.3569336E-4
1.8310547E-4
1.8310547E-4
1.5258789E-4
1.5258789E-4
9.1552734E-5
9.1552734E-5
-6.1035156E-5
-6.1035156E-5
-6.1035156E-5
-6.1035156E-5
-1.2207031E-4
-1.2207031E-4
-1.2207031E-4
-1.2207031E-4
-3.6621094E-4
-3.6621094E-4
-2.4414062E-4
-2.4414062E-4
-1.8310547E-4
-1.8310547E-4
0.0
0.0
2.1362305E-4
2.1362305E-4
2.746582E-4
2.746582E-4
4.272461E-4
4.272461E-4
3.6621094E-4
3.6621094E-4
1.8310547E-4
1.8310547E-4
0.0
0.0
-2.1362305E-4
-2.1362305E-4
-2.746582E-4
-2.746582E-4
-3.0517578E-4
-3.0517578E-4
-4.272461E-4
-4.272461E-4
-3.9672852E-4
-3.9672852E-4
-3.3569336E-4
-3.3569336E-4
-2.1362305E-4
-2.1362305E-4
-6.1035156E-5
-6.1035156E-5
1.2207031E-4
1.2207031E-4
2.1362305E-4
2.1362305E-4
1.8310547E-4
1.8310547E-4
6.1035156E-5
6.1035156E-5
-3.0517578E-5
-3.0517578E-5
-3.0517578E-5
-3.0517578E-5
0.0
0.0
6.1035156E-5
6.1035156E-5
1.2207031E-4
1.2207031E-4
1.8310547E-4
1.8310547E-4
1.5258789E-4
1.5258789E-4
9.1552734E-5
9.1552734E-5
0.0
0.0
-1.5258789E-4
-1.5258789E-4
-2.746582E-4
-2.746582E-4
-2.4414062E-4
-2.4414062E-4
3.0517578E-5
3.0517578E-5
3.3569336E-4
3.3569336E-4
5.493164E-4
5.493164E-4
5.187988E-4
5.187988E-4
3.6621094E-4
3.6621094E-4
1.8310547E-4
1.8310547E-4
0.0
0.0
-9.1552734E-5
-9.1552734E-5
-2.1362305E-4
-2.1362305E-4
-2.746582E-4
-2.746582E-4
-3.0517578E-4
-3.0517578E-4
-2.746582E-4
-2.746582E-4
-2.746582E-4
-2.746582E-4
-2.1362305E-4
-2.1362305E-4
-1.2207031E-4
-1.2207031E-4
0.0
0.0
3.0517578E-5
3.0517578E-5
9.1552734E-5
9.1552734E-5
9.1552734E-5
9.1552734E-5
9.1552734E-5
9.1552734E-5
0.0
0.0
-3.0517578E-5
-3.0517578E-5
-9.1552734E-5
-9.1552734E-5
-1.5258789E-4
-1.5258789E-4
-1.8310547E-4
-1.8310547E-4
-1.8310547E-4
-1.8310547E-4
-9.1552734E-5
-9.1552734E-5
0.0
0.0
9.1552734E-5
9.1552734E-5
1.5258789E-4
1.5258789E-4
2.1362305E-4
2.1362305E-4
2.1362305E-4
2.1362305E-4
1.8310547E-4
1.8310547E-4
1.2207031E-4
1.2207031E-4
6.1035156E-5
6.1035156E-5
0.0
0.0
-3.0517578E-5
-3.0517578E-5
-3.0517578E-5
-3.0517578E-5
-3.0517578E-5
-3.0517578E-5
0.0
0.0
0.0
0.0
0.0
0.0
0.0
0.0
0.0
0.0
3.0517578E-5
3.0517578E-5
3.0517578E-5
3.0517578E-5
0.0
0.0
0.0
0.0
-6.1035156E-5
-6.1035156E-5
-9.1552734E-5
-9.1552734E-5
-9.1552734E-5
-9.1552734E-5
-6.1035156E-5
-6.1035156E-5
-3.0517578E-5
-3.0517578E-5
0.0
0.0
0.0
0.0
3.0517578E-5
3.0517578E-5
3.0517578E-5
3.0517578E-5
3.0517578E-5
3.0517578E-5
3.0517578E-5
3.0517578E-5
0.0
0.0
0.0
0.0
0.0
0.0
0.0
0.0
0.0
0.0
0.0
0.0
0.0
0.0
0.0
0.0
0.0
0.0
0.0
0.0
0.0
0.0
0.0
0.0
0.0
0.0
0.0
0.0
0.0
0.0
0.0
0.0
0.0
0.0
0.0
0.0
0.0
0.0
0.0
0.0
0.0
0.0
0.0
0.0
0.0
0.0
0.0
0.0
0.0
0.0
0.0
0.0
0.0
0.0
0.0
0.0
0.0
0.0
0.0
0.0
0.0
0.0
0.0
0.0
0.0
0.0
0.0
0.0
0.0
0.0
0.0
0.0
0.0
0.0
0.0
0.0
0.0
0.0
0.0
0.0
0.0
0.0
0.0
0.0
0.0
0.0
0.0
0.0
0.0
0.0
0.0
0.0
0.0
0.0
0.0
0.0
0.0
0.0
0.0
0.0
0.0
0.0
0.0
0.0
0.0
0.0
0.0
0.0
0.0
0.0
0.0
0.0
0.0
0.0
0.0
0.0
0.0
0.0
0.0
0.0
0.0
0.0
0.0
0.0
0.0
0.0
0.0
0.0
0.0
0.0
0.0
0.0
0.0
0.0
0.0
0.0
0.0
0.0
0.0
0.0
0.0
0.0
0.0
0.0
0.0
0.0
0.0
0.0
0.0
0.0
0.0
0.0
0.0
0.0
0.0
0.0
0.0
0.0
0.0
0.0
0.0
0.0
0.0
0.0
0.0
0.0
0.0
0.0
0.0
0.0
0.0
0.0
0.0
0.0
0.0
0.0
0.0
0.0
0.0
0.0
0.0
0.0
0.0
0.0
0.0
0.0
0.0
0.0
0.0
0.0
0.0
0.0
0.0
0.0
0.0
0.0
0.0
0.0
0.0
0.0
0.0
0.0
0.0
0.0
0.0
0.0
0.0
0.0
0.0
0.0
0.0
0.0
0.0
0.0
0.0
0.0
0.0
0.0
0.0
0.0
0.0
0.0
0.0
0.0
0.0
0.0
0.0
0.0
0.0
0.0
0.0
0.0
0.0
0.0
0.0
0.0
0.0
0.0
0.0
0.0
0.0
0.0
0.0
0.0
0.0
0.0
0.0
0.0
0.0
0.0
0.0
0.0
0.0
0.0
0.0
0.0
0.0
0.0
0.0
0.0
0.0
0.0
0.0
0.0
0.0
0.0
0.0
0.0
0.0
0.0
0.0
0.0
0.0
0.0
0.0
0.0
0.0
0.0
0.0
0.0
0.0
0.0
0.0
0.0
0.0
0.0
0.0
0.0
0.0
0.0
0.0
0.0
0.0
0.0
0.0
0.0
0.0
0.0
0.0
0.0
0.0
0.0
0.0
0.0
0.0
0.0
0.0
0.0
0.0
0.0
0.0
0.0
0.0
0.0
0.0
0.0
0.0
0.0
0.0
0.0
0.0
0.0
0.0
0.0
0.0
0.0
0.0
0.0
0.0
0.0
0.0
0.0
0.0
0.0
0.0
0.0
0.0
0.0
0.0
0.0
0.0
0.0
0.0
0.0
0.0
0.0
0.0
0.0
0.0
0.0
0.0
0.0
0.0
0.0
0.0
0.0
0.0
0.0
0.0
0.0
0.0
0.0
0.0
0.0
0.0
0.0
0.0
0.0
0.0
0.0
0.0
0.0
0.0
0.0
0.0
0.0
0.0
0.0
0.0
0.0
0.0
0.0
0.0
0.0
0.0
0.0
0.0
0.0
0.0
0.0
0.0
0.0
0.0
0.0
0.0
0.0
0.0
0.0
0.0
0.0
0.0
0.0
0.0
0.0
0.0
0.0
0.0
0.0
0.0
0.0
0.0
0.0
0.0
0.0
0.0
0.0
0.0
0.0
0.0
0.0
0.0
0.0
0.0
0.0
0.0
0.0
0.0
0.0
0.0
0.0
0.0
0.0
0.0
0.0
0.0
0.0
0.0
0.0
0.0
0.0
0.0
0.0
0.0
0.0
0.0
0.0
0.0
0.0
0.0
0.0
0.0
0.0
0.0
0.0
0.0
0.0
0.0
0.0
0.0
0.0
0.0
0.0
0.0
0.0
0.0
0.0
0.0
0.0
0.0
0.0
0.0
0.0
0.0
0.0
0.0
0.0
0.0
0.0
0.0
0.0
0.0
0.0
0.0
0.0
0.0
0.0
0.0
0.0
0.0
0.0
0.0
0.0
0.0
0.0
