0.0
0.0
0.0040283203
0.0040283203
0.010009766
0.010009766
0.018218994
0.018218994
0.029571533
0.029571533
0.036193848
0.036193848
0.044189453
0.044189453
0.3270874
0.3270874
-0.3156128
-0.3156128
0.89837646
0.89837646
0.99542236
0.99542236
0.03112793
0.03112793
-0.5309448
-0.5309448
-0.3666687
-0.3666687
-0.894989
-0.894989
-0.72387695
-0.72387695
-0.159729
-0.159729
0.4125061
0.4125061
0.18695068
0.18695068
0.4432373
0.4432373
0.005584717
0.005584717
-0.37646484
-0.37646484
0.07962036
0.07962036
0.3954773
0.3954773
-0.0054626465
-0.0054626465
-0.34014893
-0.34014893
-0.17327881
-0.17327881
-0.27801514
-0.27801514
0.007598877
0.007598877
0.22250366
0.22250366
0.20632935
0.20632935
-0.025665283
-0.025665283
-0.10549927
-0.10549927
-0.059539795
-0.059539795
-0.17184448
-0.17184448
0.08816528
0.08816528
0.11035156
0.11035156
-0.009979248
-0.009979248
-0.065093994
-0.065093994
-0.13632202
-0.13632202
0.014465332
0.014465332
0.008026123
0.008026123
0.021453857
0.021453857
0.03527832
0.03527832
-0.07015991
-0.07015991
-0.049194336
-0.049194336
-0.07852173
-0.07852173
0.124816895
0.124816895
0.022918701
0.022918701
-0.012542725
-0.012542725
0.041046143
0.041046143
-0.02230835
-0.02230835
-0.009429932
-0.009429932
-0.026763916
-0.026763916
0.007965088
0.007965088
-0.016204834
-0.016204834
0.025177002
0.025177002
0.0033569336
0.0033569336
-0.0039367676
-0.0039367676
0.044311523
0.044311523
-0.06863403
-0.06863403
0.043029785
0.043029785
-0.018005371
-0.018005371
-0.0038452148
-0.0038452148
-0.007293701
-0.007293701
0.015106201
0.015106201
0.022399902
0.022399902
-0.012145996
-0.012145996
-0.031463623
-0.031463623
0.02947998
0.02947998
-0.07394409
-0.07394409
0.020568848
0.020568848
0.01940918
0.01940918
-0.0030822754
-0.0030822754
0.009185791
0.009185791
-0.0050964355
-0.0050964355
0.03869629
0.03869629
0.011566162
0.011566162
0.009735107
0.009735107
-0.021453857
-0.021453857
0.0054016113
0.0054016113
-0.010131836
-0.010131836
-0.03744507
-0.03744507
0.03250122
0.03250122
-0.06832886
-0.06832886
0.036865234
0.036865234
-0.049194336
-0.049194336
-0.010925293
-0.010925293
-7.019043E-4
-7.019043E-4
-0.022033691
-0.022033691
0.0026550293
0.0026550293
-0.029815674
-0.029815674
0.031188965
0.031188965
-0.0052490234
-0.0052490234
0.01940918
0.01940918
-0.025299072
-0.025299072
0.011383057
0.011383057
0.0049438477
0.0049438477
0.0021362305
0.0021362305
0.015625
0.015625
-0.023651123
-0.023651123
0.0020446777
0.0020446777
0.022766113
0.022766113
-0.023651123
-0.023651123
0.027191162
0.027191162
0.0026855469
0.0026855469
-0.008972168
-0.008972168
0.0048828125
0.0048828125
-0.0020751953
-0.0020751953
0.0019836426
0.0019836426
-9.1552734E-4
-9.1552734E-4
0.004425049
0.004425049
-0.005493164
-0.005493164
-0.0063476562
-0.0063476562
0.00390625
0.00390625
-0.012939453
-0.012939453
0.010009766
0.010009766
-0.0013427734
-0.0013427734
-0.010650635
-0.010650635
-0.010284424
-0.010284424
0.014343262
0.014343262
0.0012512207
0.0012512207
-0.001373291
-0.001373291
-0.005706787
-0.005706787
0.005065918
0.005065918
0.002380371
0.002380371
0.0018005371
0.0018005371
0.0113220215
0.0113220215
3.0517578E-5
3.0517578E-5
-2.1362305E-4
-2.1362305E-4
0.0068359375
0.0068359375
-0.0041503906
-0.0041503906
0.011810303
0.011810303
-0.0010681152
-0.0010681152
-0.0038146973
-0.0038146973
0.0019836426
0.0019836426
0.0025024414
0.0025024414
-0.0059814453
-0.0059814453
-0.0028686523
-0.0028686523
-0.0068969727
-0.0068969727
-0.0071411133
-0.0071411133
-0.0069274902
-0.0069274902
-0.0045776367
-0.0045776367
0.0032348633
0.0032348633
0.009552002
0.009552002
-0.0053100586
-0.0053100586
-0.0027770996
-0.0027770996
-0.0012207031
-0.0012207031
-0.0024414062
-0.0024414062
-0.0025939941
-0.0025939941
0.004119873
0.004119873
-1.5258789E-4
-1.5258789E-4
0.005126953
0.005126953
0.001373291
0.001373291
0.0028686523
0.0028686523
-0.0014343262
-0.0014343262
0.0019226074
0.0019226074
-0.002380371
-0.002380371
0.004180908
0.004180908
0.0027160645
0.0027160645
0.005645752
0.005645752
0.0031433105
0.0031433105
0.00894165
0.00894165
0.0010986328
0.0010986328
-0.002319336
-0.002319336
-0.001373291
-0.001373291
-0.0016479492
-0.0016479492
-0.0058288574
-0.0058288574
0.00390625
0.00390625
0.0041503906
0.0041503906
3.0517578E-5
3.0517578E-5
-0.004058838
-0.004058838
-0.005279541
-0.005279541
0.00592041
0.00592041
-0.0052490234
-0.0052490234
7.324219E-4
7.324219E-4
0.0035095215
0.0035095215
0.0030212402
0.0030212402
-0.0048217773
-0.0048217773
5.79834E-4
5.79834E-4
0.0032958984
0.0032958984
0.0029907227
0.0029907227
-0.0055236816
-0.0055236816
0.0027160645
0.0027160645
0.0028686523
0.0028686523
-4.8828125E-4
-4.8828125E-4
0.001159668
0.001159668
0.0032653809
0.0032653809
0.0016479492
0.0016479492
-0.0014038086
-0.0014038086
0.002105713
0.002105713
0.0016174316
0.0016174316
-5.493164E-4
-5.493164E-4
-5.187988E-4
-5.187988E-4
-6.4086914E-4
-6.4086914E-4
-0.0016174316
-0.0016174316
-0.004852295
-0.004852295
-5.493164E-4
-5.493164E-4
-5.493164E-4
-5.493164E-4
-4.272461E-4
-4.272461E-4
-0.002960205
-0.002960205
-3.3569336E-4
-3.3569336E-4
-0.0014038086
-0.0014038086
-0.0015563965
-0.0015563965
-6.1035156E-5
-6.1035156E-5
-3.9672852E-4
-3.9672852E-4
-0.0017700195
-0.0017700195
-0.0028076172
-0.0028076172
-0.0016174316
-0.0016174316
-0.0020751953
-0.0020751953
-0.0016174316
-0.0016174316
5.79834E-4
5.79834E-4
0.0
0.0
0.001159668
0.001159668
0.0017700195
0.0017700195
0.0026550293
0.0026550293
0.0036010742
0.0036010742
0.0038452148
0.0038452148
0.004058838
0.004058838
0.003112793
0.003112793
0.0018920898
0.0018920898
7.9345703E-4
7.9345703E-4
6.1035156E-5
6.1035156E-5
-3.3569336E-4
-3.3569336E-4
-0.0012207031
-0.0012207031
-0.0011291504
-0.0011291504
-7.324219E-4
-7.324219E-4
-0.0012207031
-0.0012207031
-6.1035156E-4
-6.1035156E-4
1.5258789E-4
1.5258789E-4
-6.1035156E-4
-6.1035156E-4
-6.1035156E-4
-6.1035156E-4
-2.1362305E-4
-2.1362305E-4
-8.239746E-4
-8.239746E-4
-3.9672852E-4
-3.9672852E-4
-6.1035156E-4
-6.1035156E-4
-4.5776367E-4
-4.5776367E-4
-4.8828125E-4
-4.8828125E-4
-2.746582E-4
-2.746582E-4
-4.272461E-4
-4.272461E-4
-9.1552734E-5
-9.1552734E-5
3.0517578E-5
3.0517578E-5
1.5258789E-4
1.5258789E-4
1.2207031E-4
1.2207031E-4
3.9672852E-4
3.9672852E-4
3.0517578E-4
3.0517578E-4
2.746582E-4
2.746582E-4
4.272461E-4
4.272461E-4
1.8310547E-4
1.8310547E-4
2.746582E-4
2.746582E-4
3.0517578E-4
3.0517578E-4
1.2207031E-4
1.2207031E-4
1.8310547E-4
1.8310547E-4
3.0517578E-4
3.0517578E-4
1.2207031E-4
1.2207031E-4
9.1552734E-5
9.1552734E-5
9.1552734E-5
9.1552734E-5
3.0517578E-5
3.0517578E-5
-3.0517578E-5
-3.0517578E-5
6.1035156E-5
6.1035156E-5
-6.1035156E-5
-6.1035156E-5
-2.746582E-4
-2.746582E-4
-1.5258789E-4
-1.5258789E-4
-1.8310547E-4
-1.8310547E-4
-3.3569336E-4
-3.3569336E-4
-3.0517578E-4
-3.0517578E-4
-2.4414062E-4
-2.4414062E-4
-1.2207031E-4
-1.2207031E-4
0.0
0.0
9.1552734E-5
9.1552734E-5
2.1362305E-4
2.1362305E-4
2.4414062E-4
2.4414062E-4
3.6621094E-4
3.6621094E-4
3.9672852E-4
3.9672852E-4
3.6621094E-4
3.6621094E-4
3.3569336E-4
3.3569336E-4
9.1552734E-5
9.1552734E-5
0.0
0.0
-1.5258789E-4
-1.5258789E-4
-2.1362305E-4
-2.1362305E-4
-2.746582E-4
-2.746582E-4
-3.3569336E-4
-3.3569336E-4
-3.9672852E-4
-3.9672852E-4
-4.5776367E-4
-4.5776367E-4
-4.272461E-4
-4.272461E-4
-3.6621094E-4
-3.6621094E-4
-3.0517578E-4
-3.0517578E-4
-2.1362305E-4
-2.1362305E-4
-9.1552734E-5
-9.1552734E-5
-3.0517578E-5
-3.0517578E-5
1.2207031E-4
1.2207031E-4
1.8310547E-4
1.8310547E-4
2.4414062E-4
2.4414062E-4
2.1362305E-4
2.1362305E-4
9.1552734E-5
9.1552734E-5
0.0
0.0
-6.1035156E-5
-6.1035156E-5
-3.0517578E-5
-3.0517578E-5
-3.0517578E-5
-3.0517578E-5
0.0
0.0
6.1035156E-5
6.1035156E-5
9.1552734E-5
9.1552734E-5
1.8310547E-4
1.8310547E-4
2.1362305E-4
2.1362305E-4
1.8310547E-4
1.8310547E-4
1.5258789E-4
1.5258789E-4
1.2207031E-4
1.2207031E-4
0.0
0.0
-6.1035156E-5
-6.1035156E-5
-2.1362305E-4
-2.1362305E-4
-2.746582E-4
-2.746582E-4
-2.746582E-4
-2.746582E-4
-1.5258789E-4
-1.5258789E-4
9.1552734E-5
9.1552734E-5
3.0517578E-4
3.0517578E-4
4.8828125E-4
4.8828125E-4
5.493164E-4
5.493164E-4
5.187988E-4
5.187988E-4
4.272461E-4
4.272461E-4
3.0517578E-4
3.0517578E-4
1.8310547E-4
1.8310547E-4
6.1035156E-5
6.1035156E-5
-3.0517578E-5
-3.0517578E-5
-1.2207031E-4
-1.2207031E-4
-2.1362305E-4
-2.1362305E-4
-2.746582E-4
-2.746582E-4
-3.0517578E-4
-3.0517578E-4
-3.0517578E-4
-3.0517578E-4
-3.0517578E-4
-3.0517578E-4
-2.746582E-4
-2.746582E-4
-2.746582E-4
-2.746582E-4
-2.1362305E-4
-2.1362305E-4
-1.5258789E-4
-1.5258789E-4
-9.1552734E-5
-9.1552734E-5
-3.0517578E-5
-3.0517578E-5
0.0
0.0
6.1035156E-5
6.1035156E-5
9.1552734E-5
9.1552734E-5
9.1552734E-5
9.1552734E-5
9.1552734E-5
9.1552734E-5
9.1552734E-5
9.1552734E-5
3.0517578E-5
3.0517578E-5
0.0
0.0
-3.0517578E-5
-3.0517578E-5
-9.1552734E-5
-9.1552734E-5
-1.2207031E-4
-1.2207031E-4
-1.8310547E-4
-1.8310547E-4
-1.8310547E-4
-1.8310547E-4
-1.8310547E-4
-1.8310547E-4
-1.5258789E-4
-1.5258789E-4
-9.1552734E-5
-9.1552734E-5
-3.0517578E-5
-3.0517578E-5
3.0517578E-5
3.0517578E-5
9.1552734E-5
9.1552734E-5
1.5258789E-4
1.5258789E-4
1.8310547E-4
1.8310547E-4
2.1362305E-4
2.1362305E-4
1.8310547E-4
1.8310547E-4
1.8310547E-4
1.8310547E-4
1.5258789E-4
1.5258789E-4
1.2207031E-4
1.2207031E-4
6.1035156E-5
6.1035156E-5
3.0517578E-5
3.0517578E-5
0.0
0.0
0.0
0.0
-3.0517578E-5
-3.0517578E-5
-3.0517578E-5
-3.0517578E-5
-3.0517578E-5
-3.0517578E-5
0.0
0.0
0.0
0.0
0.0
0.0
0.0
0.0
0.0
0.0
0.0
0.0
0.0
0.0
0.0
0.0
3.0517578E-5
3.0517578E-5
3.0517578E-5
3.0517578E-5
3.0517578E-5
3.0517578E-5
0.0
0.0
0.0
0.0
-6.1035156E-5
-6.1035156E-5
-6.1035156E-5
-6.1035156E-5
-9.1552734E-5
-9.1552734E-5
-9.1552734E-5
-9.1552734E-5
-9.1552734E-5
-9.1552734E-5
-6.1035156E-5
-6.1035156E-5
-6.1035156E-5
-6.1035156E-5
-3.0517578E-5
-3.0517578E-5
0.0
0.0
0.0
0.0
3.0517578E-5
3.0517578E-5
3.0517578E-5
3.0517578E-5
3.0517578E-5
3.0517578E-5
3.0517578E-5
3.0517578E-5
3.0517578E-5
3.0517578E-5
0.0
0.0
0.0
0.0
0.0
0.0
0.0
0.0
0.0
0.0
0.0
0.0
0.0
0.0
0.0
0.0
0.0
0.0
0.0
0.0
0.0
0.0
0.0
0.0
0.0
0.0
0.0
0.0
0.0
0.0
0.0
0.0
0.0
0.0
0.0
0.0
0.0
0.0
0.0
0.0
0.0
0.0
0.0
0.0
0.0
0.0
0.0
0.0
0.0
0.0
0.0
0.0
0.0
0.0
0.0
0.0
0.0
0.0
0.0
0.0
0.0
0.0
0.0
0.0
0.0
0.0
0.0
0.0
0.0
0.0
0.0
0.0
0.0
0.0
0.0
0.0
0.0
0.0
0.0
0.0
0.0
0.0
0.0
0.0
0.0
0.0
0.0
0.0
0.0
0.0
0.0
0.0
0.0
0.0
0.0
0.0
0.0
0.0
0.0
0.0
0.0
0.0
0.0
0.0
0.0
0.0
0.0
0.0
0.0
0.0
0.0
0.0
0.0
0.0
0.0
0.0
0.0
0.0
0.0
0.0
0.0
0.0
0.0
0.0
0.0
0.0
0.0
0.0
0.0
0.0
0.0
0.0
0.0
0.0
0.0
0.0
0.0
0.0
0.0
0.0
0.0
0.0
0.0
0.0
0.0
0.0
0.0
0.0
0.0
0.0
0.0
0.0
0.0
0.0
0.0
0.0
0.0
0.0
0.0
0.0
0.0
0.0
0.0
0.0
0.0
0.0
0.0
0.0
0.0
0.0
0.0
0.0
0.0
0.0
0.0
0.0
0.0
0.0
0.0
0.0
0.0
0.0
0.0
0.0
0.0
0.0
0.0
0.0
0.0
0.0
0.0
0.0
0.0
0.0
0.0
0.0
0.0
0.0
0.0
0.0
0.0
0.0
0.0
0.0
0.0
0.0
0.0
0.0
0.0
0.0
0.0
0.0
0.0
0.0
0.0
0.0
0.0
0.0
0.0
0.0
0.0
0.0
0.0
0.0
0.0
0.0
0.0
0.0
0.0
0.0
0.0
0.0
0.0
0.0
0.0
0.0
0.0
0.0
0.0
0.0
0.0
0.0
0.0
0.0
0.0
0.0
0.0
0.0
0.0
0.0
0.0
0.0
0.0
0.0
0.0
0.0
0.0
0.0
0.0
0.0
0.0
0.0
0.0
0.0
0.0
0.0
0.0
0.0
0.0
0.0
0.0
0.0
0.0
0.0
0.0
0.0
0.0
0.0
0.0
0.0
0.0
0.0
0.0
0.0
0.0
0.0
0.0
0.0
0.0
0.0
0.0
0.0
0.0
0.0
0.0
0.0
0.0
0.0
0.0
0.0
0.0
0.0
0.0
0.0
0.0
0.0
0.0
0.0
0.0
0.0
0.0
0.0
0.0
0.0
0.0
0.0
0.0
0.0
0.0
0.0
0.0
0.0
0.0
0.0
0.0
0.0
0.0
0.0
0.0
0.0
0.0
0.0
0.0
0.0
0.0
0.0
0.0
0.0
0.0
0.0
0.0
0.0
0.0
0.0
0.0
0.0
0.0
0.0
0.0
0.0
0.0
0.0
0.0
0.0
0.0
0.0
0.0
0.0
0.0
0.0
0.0
0.0
0.0
0.0
0.0
0.0
0.0
0.0
0.0
0.0
0.0
0.0
0.0
0.0
0.0
0.0
0.0
0.0
0.0
0.0
0.0
0.0
0.0
0.0
0.0
0.0
0.0
0.0
0.0
0.0
0.0
0.0
0.0
0.0
0.0
0.0
0.0
0.0
0.0
0.0
0.0
0.0
0.0
0.0
0.0
0.0
0.0
0.0
0.0
0.0
0.0
0.0
0.0
0.0
0.0
0.0
0.0
0.0
0.0
0.0
0.0
0.0
0.0
0.0
0.0
0.0
0.0
0.0
0.0
0.0
0.0
0.0
0.0
0.0
0.0
0.0
0.0
0.0
0.0
0.0
0.0
0.0
0.0
0.0
0.0
0.0
0.0
0.0
0.0
0.0
0.0
0.0
0.0
0.0
0.0
0.0
0.0
0.0
0.0
0.0
0.0
0.0
0.0
0.0
0.0
0.0
0.0
0.0
0.0
0.0
0.0
0.0
0.0
0.0
0.0
0.0
0.0
0.0
0.0
0.0
0.0
0.0
0.0
0.0
0.0
0.0
0.0
0.0
0.0
0.0
0.0
0.0
0.0
0.0
0.0
0.0
0.0
0.0
0.0
0.0
0.0
0.0
0.0
0.0
0.0
0.0
0.0
0.0
0.0
0.0
0.0
0.0
0.0
0.0
0.0
0.0
0.0
0.0
0.0
0.0
0.0
0.0
0.0
0.0
0.0
0.0
0.0
0.0
0.0
0.0
0.0
0.0
0.0
0.0
0.0
0.0
0.0
0.0
0.0
0.0
0.0
0.0
0.0
0.0
0.0
0.0
0.0
0.0
0.0
0.0
0.0
0.0
0.0
0.0
0.0
0.0
0.0
0.0
0.0
0.0
0.0
0.0
0.0
0.0
0.0
0.0
0.0
0.0
0.0
0.0
0.0
0.0
0.0
0.0
0.0
0.0
0.0
0.0
0.0
0.0
0.0
0.0
0.0
0.0
0.0
0.0
0.0
0.0
0.0
0.0
0.0
0.0
0.0
0.0
0.0
0.0
0.0
0.0
0.0
0.0
0.0
0.0
0.0
0.0
0.0
0.0
0.0
0.0
0.0
0.0
0.0
0.0
0.0
0.0
0.0
0.0
0.0
0.0
0.0
0.0
0.0
0.0
0.0
0.0
0.0
0.0
0.0
0.0
0.0
0.0
0.0
0.0
0.0
0.0
0.0
0.0
0.0
0.0
0.0
0.0
0.0
0.0
0.0
0.0
0.0
0.0
0.0
0.0
0.0
0.0
0.0
0.0
0.0
0.0
0.0
0.0
0.0
0.0
0.0
0.0
0.0
0.0
0.0
0.0
0.0
0.0
0.0
0.0
0.0
0.0
0.0
0.0
0.0
0.0
0.0
0.0
0.0
0.0
0.0
0.0
0.0
0.0
0.0
0.0
0.0
0.0
0.0
0.0
0.0
0.0
0.0
0.0
0.0
0.0
0.0
0.0
0.0
0.0
0.0
0.0
0.0
0.0
0.0
0.0
0.0
0.0
0.0
0.0
