0.0
0.0
0.0018005371
0.0018005371
0.0040283203
0.0040283203
0.0068359375
0.0068359375
0.010009766
0.010009766
0.013946533
0.013946533
0.018218994
0.018218994
0.02368164
0.02368164
0.029571533
0.029571533
0.033233643
0.033233643
0.036193848
0.036193848
0.040985107
0.040985107
0.044189453
0.044189453
-0.99050903
-0.99050903
0.3270874
0.3270874
-0.59088135
-0.59088135
-0.3156128
-0.3156128
-0.9580078
-0.9580078
0.89837646
0.89837646
-0.20870972
-0.20870972
0.99542236
0.99542236
0.6157532
0.6157532
0.03112793
0.03112793
0.5625
0.5625
-0.5309448
-0.5309448
0.9108887
0.9108887
-0.3666687
-0.3666687
-0.6877136
-0.6877136
-0.894989
-0.894989
0.07254028
0.07254028
-0.72387695
-0.72387695
0.61520386
0.61520386
-0.159729
-0.159729
0.44204712
0.44204712
0.4125061
0.4125061
-0.28198242
-0.28198242
0.18695068
0.18695068
-0.48516846
-0.48516846
0.4432373
0.4432373
-0.21795654
-0.21795654
0.005584717
0.005584717
-0.5157471
-0.5157471
-0.37646484
-0.37646484
-0.24377441
-0.24377441
0.07962036
0.07962036
0.28240967
0.28240967
0.3954773
0.3954773
0.39352417
0.39352417
-0.0054626465
-0.0054626465
0.081085205
0.081085205
-0.34014893
-0.34014893
0.05419922
0.05419922
-0.17327881
-0.17327881
-0.066986084
-0.066986084
-0.27801514
-0.27801514
-0.22634888
-0.22634888
0.007598877
0.007598877
0.08395386
0.08395386
0.22250366
0.22250366
0.21026611
0.21026611
0.20632935
0.20632935
0.098602295
0.098602295
-0.025665283
-0.025665283
-0.18704224
-0.18704224
-0.10549927
-0.10549927
-0.13717651
-0.13717651
-0.059539795
-0.059539795
-0.026611328
-0.026611328
-0.17184448
-0.17184448
0.16357422
0.16357422
0.08816528
0.08816528
0.011169434
0.011169434
0.11035156
0.11035156
0.10614014
0.10614014
-0.009979248
-0.009979248
0.014801025
0.014801025
-0.065093994
-0.065093994
-0.056610107
-0.056610107
-0.13632202
-0.13632202
-0.051513672
-0.051513672
0.014465332
0.014465332
0.10284424
0.10284424
0.008026123
0.008026123
0.078186035
0.078186035
0.021453857
0.021453857
0.023406982
0.023406982
0.03527832
0.03527832
-0.088256836
-0.088256836
-0.07015991
-0.07015991
0.052215576
0.052215576
-0.049194336
-0.049194336
-0.05718994
-0.05718994
-0.07852173
-0.07852173
0.019836426
0.019836426
0.124816895
0.124816895
0.08383179
0.08383179
0.022918701
0.022918701
0.012390137
0.012390137
-0.012542725
-0.012542725
-0.05340576
-0.05340576
0.041046143
0.041046143
-0.0664978
-0.0664978
-0.02230835
-0.02230835
5.187988E-4
5.187988E-4
-0.009429932
-0.009429932
-0.056640625
-0.056640625
-0.026763916
-0.026763916
0.09118652
0.09118652
0.007965088
0.007965088
0.039276123
0.039276123
-0.016204834
-0.016204834
-0.0021362305
-0.0021362305
0.025177002
0.025177002
-0.06982422
-0.06982422
0.0033569336
0.0033569336
-0.047821045
-0.047821045
-0.0039367676
-0.0039367676
0.050445557
0.050445557
0.044311523
0.044311523
0.08538818
0.08538818
-0.06863403
-0.06863403
-0.061187744
-0.061187744
0.043029785
0.043029785
0.055603027
0.055603027
-0.018005371
-0.018005371
-0.07775879
-0.07775879
-0.0038452148
-0.0038452148
0.022369385
0.022369385
-0.007293701
-0.007293701
-0.017913818
-0.017913818
0.015106201
0.015106201
0.04788208
0.04788208
0.022399902
0.022399902
0.0011291504
0.0011291504
-0.012145996
-0.012145996
-0.0022888184
-0.0022888184
-0.031463623
-0.031463623
-0.019470215
-0.019470215
0.02947998
0.02947998
0.013000488
0.013000488
-0.07394409
-0.07394409
0.031341553
0.031341553
0.020568848
0.020568848
0.020477295
0.020477295
0.01940918
0.01940918
0.011566162
0.011566162
-0.0030822754
-0.0030822754
0.04107666
0.04107666
0.009185791
0.009185791
-0.041870117
-0.041870117
-0.0050964355
-0.0050964355
0.005340576
0.005340576
0.03869629
0.03869629
-0.018829346
-0.018829346
0.011566162
0.011566162
-0.014709473
-0.014709473
0.009735107
0.009735107
-0.005706787
-0.005706787
-0.021453857
-0.021453857
0.021636963
0.021636963
0.0054016113
0.0054016113
0.014892578
0.014892578
-0.010131836
-0.010131836
-0.023925781
-0.023925781
-0.03744507
-0.03744507
4.8828125E-4
4.8828125E-4
0.03250122
0.03250122
-0.028137207
-0.028137207
-0.06832886
-0.06832886
0.025665283
0.025665283
0.036865234
0.036865234
-0.01687622
-0.01687622
-0.049194336
-0.049194336
0.021697998
0.021697998
-0.010925293
-0.010925293
-0.005706787
-0.005706787
-7.019043E-4
-7.019043E-4
0.007171631
0.007171631
-0.022033691
-0.022033691
0.016479492
0.016479492
0.0026550293
0.0026550293
-0.023132324
-0.023132324
-0.029815674
-0.029815674
0.012664795
0.012664795
0.031188965
0.031188965
-0.018981934
-0.018981934
-0.0052490234
-0.0052490234
-0.0021972656
-0.0021972656
0.01940918
0.01940918
-0.004425049
-0.004425049
-0.025299072
-0.025299072
-0.012481689
-0.012481689
0.011383057
0.011383057
0.021606445
0.021606445
0.0049438477
0.0049438477
-0.04675293
-0.04675293
0.0021362305
0.0021362305
0.027252197
0.027252197
0.015625
0.015625
0.0032653809
0.0032653809
-0.023651123
-0.023651123
-0.014038086
-0.014038086
0.0020446777
0.0020446777
0.019561768
0.019561768
0.022766113
0.022766113
0.001373291
0.001373291
-0.023651123
-0.023651123
0.0012207031
0.0012207031
0.027191162
0.027191162
0.010681152
0.010681152
0.0026855469
0.0026855469
-0.020629883
-0.020629883
-0.008972168
-0.008972168
0.009063721
0.009063721
0.0048828125
0.0048828125
-0.0010986328
-0.0010986328
-0.0020751953
-0.0020751953
-0.005493164
-0.005493164
0.0019836426
0.0019836426
0.012756348
0.012756348
-9.1552734E-4
-9.1552734E-4
-0.0018005371
-0.0018005371
0.004425049
0.004425049
-8.544922E-4
-8.544922E-4
-0.005493164
-0.005493164
0.0047302246
0.0047302246
-0.0063476562
-0.0063476562
-0.005340576
-0.005340576
0.00390625
0.00390625
0.013397217
0.013397217
-0.012939453
-0.012939453
1.2207031E-4
1.2207031E-4
0.010009766
0.010009766
0.0048217773
0.0048217773
-0.0013427734
-0.0013427734
-0.0037841797
-0.0037841797
-0.010650635
-0.010650635
-0.008758545
-0.008758545
-0.010284424
-0.010284424
0.017578125
0.017578125
0.014343262
0.014343262
0.0019226074
0.0019226074
0.0012512207
0.0012512207
-0.0026855469
-0.0026855469
-0.001373291
-0.001373291
-0.0067443848
-0.0067443848
-0.005706787
-0.005706787
-0.0074768066
-0.0074768066
0.005065918
0.005065918
0.017730713
0.017730713
0.002380371
0.002380371
-0.011749268
-0.011749268
0.0018005371
0.0018005371
0.009460449
0.009460449
0.0113220215
0.0113220215
-0.006378174
-0.006378174
3.0517578E-5
3.0517578E-5
-0.0032348633
-0.0032348633
-2.1362305E-4
-2.1362305E-4
0.0027160645
0.0027160645
0.0068359375
0.0068359375
-2.746582E-4
-2.746582E-4
-0.0041503906
-0.0041503906
0.0069885254
0.0069885254
0.011810303
0.011810303
0.002532959
0.002532959
-0.0010681152
-0.0010681152
-0.0070495605
-0.0070495605
-0.0038146973
-0.0038146973
-0.0076904297
-0.0076904297
0.0019836426
0.0019836426
-0.0010681152
-0.0010681152
0.0025024414
0.0025024414
3.3569336E-4
3.3569336E-4
-0.0059814453
-0.0059814453
0.0035705566
0.0035705566
-0.0028686523
-0.0028686523
0.0025634766
0.0025634766
-0.0068969727
-0.0068969727
-0.0028076172
-0.0028076172
-0.0071411133
-0.0071411133
0.0025024414
0.0025024414
-0.0069274902
-0.0069274902
-0.009094238
-0.009094238
-0.0045776367
-0.0045776367
1.8310547E-4
1.8310547E-4
0.0032348633
0.0032348633
-0.0038146973
-0.0038146973
0.009552002
0.009552002
-0.0026550293
-0.0026550293
-0.0053100586
-0.0053100586
0.0032043457
0.0032043457
-0.0027770996
-0.0027770996
-0.005645752
-0.005645752
-0.0012207031
-0.0012207031
-7.6293945E-4
-7.6293945E-4
-0.0024414062
-0.0024414062
0.0038757324
0.0038757324
-0.0025939941
-0.0025939941
-0.0045776367
-0.0045776367
0.004119873
0.004119873
-5.493164E-4
-5.493164E-4
-1.5258789E-4
-1.5258789E-4
5.79834E-4
5.79834E-4
0.005126953
0.005126953
-0.0022583008
-0.0022583008
0.001373291
0.001373291
0.0031738281
0.0031738281
0.0028686523
0.0028686523
9.1552734E-4
9.1552734E-4
-0.0014343262
-0.0014343262
0.009857178
0.009857178
0.0019226074
0.0019226074
-5.187988E-4
-5.187988E-4
-0.002380371
-0.002380371
0.0037841797
0.0037841797
0.004180908
0.004180908
0.0038757324
0.0038757324
0.0027160645
0.0027160645
0.0032348633
0.0032348633
0.005645752
0.005645752
-0.0040893555
-0.0040893555
0.0031433105
0.0031433105
0.0067443848
0.0067443848
0.00894165
0.00894165
7.6293945E-4
7.6293945E-4
0.0010986328
0.0010986328
-0.0014343262
-0.0014343262
-0.002319336
-0.002319336
-0.0031738281
-0.0031738281
-0.001373291
-0.001373291
0.007537842
0.007537842
-0.0016479492
-0.0016479492
-0.0054626465
-0.0054626465
-0.0058288574
-0.0058288574
4.5776367E-4
4.5776367E-4
0.00390625
0.00390625
0.0057373047
0.0057373047
0.0041503906
0.0041503906
0.005340576
0.005340576
3.0517578E-5
3.0517578E-5
0.0014648438
0.0014648438
-0.004058838
-0.004058838
-0.009765625
-0.009765625
-0.005279541
-0.005279541
7.019043E-4
7.019043E-4
0.00592041
0.00592041
3.3569336E-4
3.3569336E-4
-0.0052490234
-0.0052490234
-0.0040283203
-0.0040283203
7.324219E-4
7.324219E-4
-0.0014648438
-0.0014648438
0.0035095215
0.0035095215
0.0058288574
0.0058288574
0.0030212402
0.0030212402
-0.003540039
-0.003540039
-0.0048217773
-0.0048217773
-6.713867E-4
-6.713867E-4
5.79834E-4
5.79834E-4
0.002960205
0.002960205
0.0032958984
0.0032958984
0.004333496
0.004333496
0.0029907227
0.0029907227
3.0517578E-4
3.0517578E-4
-0.0055236816
-0.0055236816
-0.005432129
-0.005432129
0.0027160645
0.0027160645
0.0053100586
0.0053100586
0.0028686523
0.0028686523
-1.8310547E-4
-1.8310547E-4
-4.8828125E-4
-4.8828125E-4
-3.0517578E-4
-3.0517578E-4
0.001159668
0.001159668
0.0014038086
0.0014038086
0.0032653809
0.0032653809
2.1362305E-4
2.1362305E-4
0.0016479492
0.0016479492
0.002166748
0.002166748
-0.0014038086
-0.0014038086
-8.544922E-4
-8.544922E-4
0.002105713
0.002105713
0.0041503906
0.0041503906
0.0016174316
0.0016174316
-9.460449E-4
-9.460449E-4
-5.493164E-4
-5.493164E-4
0.001953125
0.001953125
-5.187988E-4
-5.187988E-4
-0.0012207031
-0.0012207031
-6.4086914E-4
-6.4086914E-4
-0.0013427734
-0.0013427734
-0.0016174316
-0.0016174316
-0.005645752
-0.005645752
-0.004852295
-0.004852295
-3.6621094E-4
-3.6621094E-4
-5.493164E-4
-5.493164E-4
-0.0019226074
-0.0019226074
-5.493164E-4
-5.493164E-4
2.746582E-4
2.746582E-4
-4.272461E-4
-4.272461E-4
-0.0010681152
-0.0010681152
-0.002960205
-0.002960205
-0.0019836426
-0.0019836426
-3.3569336E-4
-3.3569336E-4
-0.0010986328
-0.0010986328
-0.0014038086
-0.0014038086
-0.002166748
-0.002166748
-0.0015563965
-0.0015563965
3.9672852E-4
3.9672852E-4
-6.1035156E-5
-6.1035156E-5
-2.746582E-4
-2.746582E-4
-3.9672852E-4
-3.9672852E-4
-3.6621094E-4
-3.6621094E-4
-0.0017700195
-0.0017700195
-0.0036315918
-0.0036315918
-0.0028076172
-0.0028076172
-0.0024719238
-0.0024719238
-0.0016174316
-0.0016174316
-0.0015869141
-0.0015869141
-0.0020751953
-0.0020751953
-0.0029296875
-0.0029296875
-0.0016174316
-0.0016174316
-9.765625E-4
-9.765625E-4
5.79834E-4
5.79834E-4
-9.1552734E-5
-9.1552734E-5
0.0
0.0
5.79834E-4
5.79834E-4
0.001159668
0.001159668
0.0013427734
0.0013427734
0.0017700195
0.0017700195
0.0023498535
0.0023498535
0.0026550293
0.0026550293
0.0031433105
0.0031433105
0.0036010742
0.0036010742
0.0028381348
0.0028381348
0.0038452148
0.0038452148
0.0045776367
0.0045776367
0.004058838
0.004058838
0.0036010742
0.0036010742
0.003112793
0.003112793
0.002105713
0.002105713
0.0018920898
0.0018920898
8.8500977E-4
8.8500977E-4
7.9345703E-4
7.9345703E-4
2.4414062E-4
2.4414062E-4
6.1035156E-5
6.1035156E-5
-9.1552734E-5
-9.1552734E-5
-3.3569336E-4
-3.3569336E-4
-0.0011291504
-0.0011291504
-0.0012207031
-0.0012207031
-7.6293945E-4
-7.6293945E-4
-0.0011291504
-0.0011291504
-9.1552734E-4
-9.1552734E-4
-7.324219E-4
-7.324219E-4
-7.324219E-4
-7.324219E-4
-0.0012207031
-0.0012207031
-9.1552734E-4
-9.1552734E-4
-6.1035156E-4
-6.1035156E-4
-1.2207031E-4
-1.2207031E-4
1.5258789E-4
1.5258789E-4
-1.2207031E-4
-1.2207031E-4
-6.1035156E-4
-6.1035156E-4
-6.1035156E-4
-6.1035156E-4
-6.1035156E-4
-6.1035156E-4
-6.1035156E-5
-6.1035156E-5
-2.1362305E-4
-2.1362305E-4
-7.9345703E-4
-7.9345703E-4
-8.239746E-4
-8.239746E-4
-7.9345703E-4
-7.9345703E-4
-3.9672852E-4
-3.9672852E-4
-6.713867E-4
-6.713867E-4
-6.1035156E-4
-6.1035156E-4
-7.019043E-4
-7.019043E-4
-4.5776367E-4
-4.5776367E-4
-4.8828125E-4
-4.8828125E-4
-4.8828125E-4
-4.8828125E-4
-4.272461E-4
-4.272461E-4
-2.746582E-4
-2.746582E-4
-2.4414062E-4
-2.4414062E-4
-4.272461E-4
-4.272461E-4
-2.4414062E-4
-2.4414062E-4
-9.1552734E-5
-9.1552734E-5
1.8310547E-4
1.8310547E-4
3.0517578E-5
3.0517578E-5
3.0517578E-5
3.0517578E-5
1.5258789E-4
1.5258789E-4
1.2207031E-4
1.2207031E-4
1.2207031E-4
1.2207031E-4
2.746582E-4
2.746582E-4
3.9672852E-4
3.9672852E-4
2.1362305E-4
2.1362305E-4
3.0517578E-4
3.0517578E-4
1.5258789E-4
1.5258789E-4
2.746582E-4
2.746582E-4
3.3569336E-4
3.3569336E-4
4.272461E-4
4.272461E-4
2.1362305E-4
2.1362305E-4
1.8310547E-4
1.8310547E-4
2.1362305E-4
2.1362305E-4
2.746582E-4
2.746582E-4
3.3569336E-4
3.3569336E-4
3.0517578E-4
3.0517578E-4
3.0517578E-4
3.0517578E-4
1.2207031E-4
1.2207031E-4
3.0517578E-4
3.0517578E-4
1.8310547E-4
1.8310547E-4
3.9672852E-4
3.9672852E-4
3.0517578E-4
3.0517578E-4
3.6621094E-4
3.6621094E-4
1.2207031E-4
1.2207031E-4
1.8310547E-4
1.8310547E-4
9.1552734E-5
9.1552734E-5
1.2207031E-4
1.2207031E-4
9.1552734E-5
9.1552734E-5
1.5258789E-4
1.5258789E-4
3.0517578E-5
3.0517578E-5
0.0
0.0
-3.0517578E-5
-3.0517578E-5
-3.0517578E-5
-3.0517578E-5
6.1035156E-5
6.1035156E-5
0.0
0.0
-6.1035156E-5
-6.1035156E-5
-1.5258789E-4
-1.5258789E-4
-2.746582E-4
-2.746582E-4
-1.8310547E-4
-1.8310547E-4
-1.5258789E-4
-1.5258789E-4
-1.5258789E-4
-1.5258789E-4
-1.8310547E-4
-1.8310547E-4
-2.746582E-4
-2.746582E-4
-3.3569336E-4
-3.3569336E-4
-3.3569336E-4
-3.3569336E-4
-3.0517578E-4
-3.0517578E-4
-3.0517578E-4
-3.0517578E-4
-2.4414062E-4
-2.4414062E-4
-2.1362305E-4
-2.1362305E-4
-1.2207031E-4
-1.2207031E-4
-1.5258789E-4
-1.5258789E-4
0.0
0.0
0.0
0.0
9.1552734E-5
9.1552734E-5
1.8310547E-4
1.8310547E-4
2.1362305E-4
2.1362305E-4
2.746582E-4
2.746582E-4
2.4414062E-4
2.4414062E-4
2.746582E-4
2.746582E-4
3.6621094E-4
3.6621094E-4
4.5776367E-4
4.5776367E-4
3.9672852E-4
3.9672852E-4
4.5776367E-4
4.5776367E-4
3.6621094E-4
3.6621094E-4
3.9672852E-4
3.9672852E-4
3.3569336E-4
3.3569336E-4
2.746582E-4
2.746582E-4
9.1552734E-5
9.1552734E-5
0.0
0.0
0.0
0.0
-6.1035156E-5
-6.1035156E-5
-1.5258789E-4
-1.5258789E-4
-1.8310547E-4
-1.8310547E-4
-2.1362305E-4
-2.1362305E-4
-2.746582E-4
-2.746582E-4
-2.746582E-4
-2.746582E-4
-3.0517578E-4
-3.0517578E-4
-3.3569336E-4
-3.3569336E-4
-3.3569336E-4
-3.3569336E-4
-3.9672852E-4
-3.9672852E-4
-5.187988E-4
-5.187988E-4
-4.5776367E-4
-4.5776367E-4
-4.5776367E-4
-4.5776367E-4
-4.272461E-4
-4.272461E-4
-3.9672852E-4
-3.9672852E-4
-3.6621094E-4
-3.6621094E-4
-3.6621094E-4
-3.6621094E-4
-3.0517578E-4
-3.0517578E-4
-2.4414062E-4
-2.4414062E-4
-2.1362305E-4
-2.1362305E-4
-1.5258789E-4
-1.5258789E-4
-9.1552734E-5
-9.1552734E-5
-9.1552734E-5
-9.1552734E-5
-3.0517578E-5
-3.0517578E-5
6.1035156E-5
6.1035156E-5
1.2207031E-4
1.2207031E-4
2.1362305E-4
2.1362305E-4
1.8310547E-4
1.8310547E-4
2.4414062E-4
2.4414062E-4
2.4414062E-4
2.4414062E-4
2.1362305E-4
2.1362305E-4
2.1362305E-4
2.1362305E-4
1.5258789E-4
1.5258789E-4
9.1552734E-5
9.1552734E-5
3.0517578E-5
3.0517578E-5
0.0
0.0
-3.0517578E-5
-3.0517578E-5
-6.1035156E-5
-6.1035156E-5
-6.1035156E-5
-6.1035156E-5
-3.0517578E-5
-3.0517578E-5
-3.0517578E-5
-3.0517578E-5
-3.0517578E-5
-3.0517578E-5
0.0
0.0
0.0
0.0
3.0517578E-5
3.0517578E-5
6.1035156E-5
6.1035156E-5
9.1552734E-5
9.1552734E-5
9.1552734E-5
9.1552734E-5
1.2207031E-4
1.2207031E-4
1.8310547E-4
1.8310547E-4
1.5258789E-4
1.5258789E-4
2.1362305E-4
2.1362305E-4
1.8310547E-4
1.8310547E-4
1.8310547E-4
1.8310547E-4
1.5258789E-4
1.5258789E-4
1.5258789E-4
1.5258789E-4
9.1552734E-5
9.1552734E-5
1.2207031E-4
1.2207031E-4
3.0517578E-5
3.0517578E-5
0.0
0.0
-3.0517578E-5
-3.0517578E-5
-6.1035156E-5
-6.1035156E-5
-1.5258789E-4
-1.5258789E-4
-2.1362305E-4
-2.1362305E-4
-2.1362305E-4
-2.1362305E-4
-2.746582E-4
-2.746582E-4
-2.746582E-4
-2.746582E-4
-2.746582E-4
-2.746582E-4
-2.1362305E-4
-2.1362305E-4
-1.5258789E-4
-1.5258789E-4
0.0
0.0
9.1552734E-5
9.1552734E-5
1.8310547E-4
1.8310547E-4
3.0517578E-4
3.0517578E-4
3.9672852E-4
3.9672852E-4
4.8828125E-4
4.8828125E-4
5.493164E-4
5.493164E-4
5.493164E-4
5.493164E-4
5.493164E-4
5.493164E-4
5.187988E-4
5.187988E-4
5.187988E-4
5.187988E-4
4.272461E-4
4.272461E-4
3.6621094E-4
3.6621094E-4
3.0517578E-4
3.0517578E-4
2.4414062E-4
2.4414062E-4
1.8310547E-4
1.8310547E-4
1.2207031E-4
1.2207031E-4
6.1035156E-5
6.1035156E-5
0.0
0.0
-3.0517578E-5
-3.0517578E-5
-9.1552734E-5
-9.1552734E-5
-1.2207031E-4
-1.2207031E-4
-1.5258789E-4
-1.5258789E-4
-2.1362305E-4
-2.1362305E-4
-2.1362305E-4
-2.1362305E-4
-2.746582E-4
-2.746582E-4
-3.0517578E-4
-3.0517578E-4
-3.0517578E-4
-3.0517578E-4
-3.0517578E-4
-3.0517578E-4
-3.0517578E-4
-3.0517578E-4
-3.0517578E-4
-3.0517578E-4
-3.0517578E-4
-3.0517578E-4
-2.746582E-4
-2.746582E-4
-2.746582E-4
-2.746582E-4
-2.746582E-4
-2.746582E-4
-2.746582E-4
-2.746582E-4
-2.1362305E-4
-2.1362305E-4
-2.1362305E-4
-2.1362305E-4
-2.1362305E-4
-2.1362305E-4
-1.5258789E-4
-1.5258789E-4
-1.2207031E-4
-1.2207031E-4
-9.1552734E-5
-9.1552734E-5
-6.1035156E-5
-6.1035156E-5
-3.0517578E-5
-3.0517578E-5
0.0
0.0
0.0
0.0
3.0517578E-5
3.0517578E-5
6.1035156E-5
6.1035156E-5
6.1035156E-5
6.1035156E-5
9.1552734E-5
9.1552734E-5
9.1552734E-5
9.1552734E-5
9.1552734E-5
9.1552734E-5
9.1552734E-5
9.1552734E-5
9.1552734E-5
9.1552734E-5
9.1552734E-5
9.1552734E-5
9.1552734E-5
9.1552734E-5
6.1035156E-5
6.1035156E-5
3.0517578E-5
3.0517578E-5
0.0
0.0
0.0
0.0
0.0
0.0
-3.0517578E-5
-3.0517578E-5
-6.1035156E-5
-6.1035156E-5
-9.1552734E-5
-9.1552734E-5
-9.1552734E-5
-9.1552734E-5
-1.2207031E-4
-1.2207031E-4
-1.5258789E-4
-1.5258789E-4
-1.8310547E-4
-1.8310547E-4
-1.8310547E-4
-1.8310547E-4
-1.8310547E-4
-1.8310547E-4
-1.8310547E-4
-1.8310547E-4
-1.8310547E-4
-1.8310547E-4
-1.8310547E-4
-1.8310547E-4
-1.5258789E-4
-1.5258789E-4
-1.2207031E-4
-1.2207031E-4
-9.1552734E-5
-9.1552734E-5
-6.1035156E-5
-6.1035156E-5
-3.0517578E-5
-3.0517578E-5
0.0
0.0
3.0517578E-5
3.0517578E-5
6.1035156E-5
6.1035156E-5
9.1552734E-5
9.1552734E-5
1.2207031E-4
1.2207031E-4
1.5258789E-4
1.5258789E-4
1.8310547E-4
1.8310547E-4
1.8310547E-4
1.8310547E-4
1.8310547E-4
1.8310547E-4
2.1362305E-4
2.1362305E-4
2.1362305E-4
2.1362305E-4
1.8310547E-4
1.8310547E-4
1.8310547E-4
1.8310547E-4
1.8310547E-4
1.8310547E-4
1.8310547E-4
1.8310547E-4
1.5258789E-4
1.5258789E-4
1.5258789E-4
1.5258789E-4
1.2207031E-4
1.2207031E-4
9.1552734E-5
9.1552734E-5
6.1035156E-5
6.1035156E-5
6.1035156E-5
6.1035156E-5
3.0517578E-5
3.0517578E-5
0.0
0.0
0.0
0.0
0.0
0.0
0.0
0.0
-3.0517578E-5
-3.0517578E-5
-3.0517578E-5
-3.0517578E-5
-3.0517578E-5
-3.0517578E-5
-3.0517578E-5
-3.0517578E-5
-3.0517578E-5
-3.0517578E-5
-3.0517578E-5
-3.0517578E-5
-3.0517578E-5
-3.0517578E-5
0.0
0.0
0.0
0.0
0.0
0.0
0.0
0.0
0.0
0.0
0.0
0.0
0.0
0.0
0.0
0.0
0.0
0.0
0.0
0.0
0.0
0.0
0.0
0.0
0.0
0.0
3.0517578E-5
3.0517578E-5
0.0
0.0
3.0517578E-5
3.0517578E-5
3.0517578E-5
3.0517578E-5
3.0517578E-5
3.0517578E-5
3.0517578E-5
3.0517578E-5
3.0517578E-5
3.0517578E-5
3.0517578E-5
3.0517578E-5
0.0
0.0
0.0
0.0
0.0
0.0
0.0
0.0
-3.0517578E-5
-3.0517578E-5
-6.1035156E-5
-6.1035156E-5
-6.1035156E-5
-6.1035156E-5
-6.1035156E-5
-6.1035156E-5
-9.1552734E-5
-9.1552734E-5
-9.1552734E-5
-9.1552734E-5
-9.1552734E-5
-9.1552734E-5
-9.1552734E-5
-9.1552734E-5
-9.1552734E-5
-9.1552734E-5
-9.1552734E-5
-9.1552734E-5
-9.1552734E-5
-9.1552734E-5
-6.1035156E-5
-6.1035156E-5
-6.1035156E-5
-6.1035156E-5
-6.1035156E-5
-6.1035156E-5
-3.0517578E-5
-3.0517578E-5
-3.0517578E-5
-3.0517578E-5
0.0
0.0
0.0
0.0
0.0
0.0
0.0
0.0
0.0
0.0
3.0517578E-5
3.0517578E-5
3.0517578E-5
3.0517578E-5
3.0517578E-5
3.0517578E-5
3.0517578E-5
3.0517578E-5
3.0517578E-5
3.0517578E-5
3.0517578E-5
3.0517578E-5
3.0517578E-5
3.0517578E-5
3.0517578E-5
3.0517578E-5
3.0517578E-5
3.0517578E-5
3.0517578E-5
3.0517578E-5
0.0
0.0
0.0
0.0
0.0
0.0
0.0
0.0
0.0
0.0
0.0
0.0
0.0
0.0
0.0
0.0
0.0
0.0
0.0
0.0
0.0
0.0
0.0
0.0
0.0
0.0
0.0
0.0
0.0
0.0
0.0
0.0
0.0
0.0
0.0
0.0
0.0
0.0
0.0
0.0
0.0
0.0
0.0
0.0
0.0
0.0
0.0
0.0
0.0
0.0
0.0
0.0
0.0
0.0
0.0
0.0
0.0
0.0
0.0
0.0
0.0
0.0
0.0
0.0
0.0
0.0
0.0
0.0
0.0
0.0
0.0
0.0
0.0
0.0
0.0
0.0
0.0
0.0
0.0
0.0
0.0
0.0
0.0
0.0
0.0
0.0
0.0
0.0
0.0
0.0
0.0
0.0
0.0
0.0
0.0
0.0
0.0
0.0
0.0
0.0
0.0
0.0
0.0
0.0
0.0
0.0
0.0
0.0
0.0
0.0
0.0
0.0
0.0
0.0
0.0
0.0
0.0
0.0
0.0
0.0
0.0
0.0
0.0
0.0
0.0
0.0
0.0
0.0
0.0
0.0
0.0
0.0
0.0
0.0
0.0
0.0
0.0
0.0
0.0
0.0
0.0
0.0
0.0
0.0
0.0
0.0
0.0
0.0
0.0
0.0
0.0
0.0
0.0
0.0
0.0
0.0
0.0
0.0
0.0
0.0
0.0
0.0
0.0
0.0
0.0
0.0
0.0
0.0
0.0
0.0
0.0
0.0
0.0
0.0
0.0
0.0
0.0
0.0
0.0
0.0
0.0
0.0
0.0
0.0
0.0
0.0
0.0
0.0
0.0
0.0
0.0
0.0
0.0
0.0
0.0
0.0
0.0
0.0
0.0
0.0
0.0
0.0
0.0
0.0
0.0
0.0
0.0
0.0
0.0
0.0
0.0
0.0
0.0
0.0
0.0
0.0
0.0
0.0
0.0
0.0
0.0
0.0
0.0
0.0
0.0
0.0
0.0
0.0
0.0
0.0
0.0
0.0
0.0
0.0
0.0
0.0
0.0
0.0
0.0
0.0
0.0
0.0
0.0
0.0
0.0
0.0
0.0
0.0
0.0
0.0
0.0
0.0
0.0
0.0
0.0
0.0
0.0
0.0
0.0
0.0
0.0
0.0
0.0
0.0
0.0
0.0
0.0
0.0
0.0
0.0
0.0
0.0
0.0
0.0
0.0
0.0
0.0
0.0
0.0
0.0
0.0
0.0
0.0
0.0
0.0
0.0
0.0
0.0
0.0
0.0
0.0
0.0
0.0
0.0
0.0
0.0
0.0
0.0
0.0
0.0
0.0
0.0
0.0
0.0
0.0
0.0
0.0
0.0
0.0
0.0
0.0
0.0
0.0
0.0
0.0
0.0
0.0
0.0
0.0
0.0
0.0
0.0
0.0
0.0
0.0
0.0
0.0
0.0
0.0
0.0
0.0
0.0
0.0
0.0
0.0
0.0
0.0
0.0
0.0
0.0
0.0
0.0
0.0
0.0
0.0
0.0
0.0
0.0
0.0
0.0
0.0
0.0
0.0
0.0
0.0
0.0
0.0
0.0
0.0
0.0
0.0
0.0
0.0
0.0
0.0
0.0
0.0
0.0
0.0
0.0
0.0
0.0
0.0
0.0
0.0
0.0
0.0
0.0
0.0
0.0
0.0
0.0
0.0
0.0
0.0
0.0
0.0
0.0
0.0
0.0
0.0
0.0
0.0
0.0
0.0
0.0
0.0
0.0
0.0
0.0
0.0
0.0
0.0
0.0
0.0
0.0
0.0
0.0
0.0
0.0
0.0
0.0
0.0
0.0
0.0
0.0
0.0
0.0
0.0
0.0
0.0
0.0
0.0
0.0
0.0
0.0
0.0
0.0
0.0
0.0
0.0
0.0
0.0
0.0
0.0
0.0
0.0
0.0
0.0
0.0
0.0
0.0
0.0
0.0
0.0
0.0
0.0
0.0
0.0
0.0
0.0
0.0
0.0
0.0
0.0
0.0
0.0
0.0
0.0
0.0
0.0
0.0
0.0
0.0
0.0
0.0
0.0
0.0
0.0
0.0
0.0
0.0
0.0
0.0
0.0
0.0
0.0
0.0
0.0
0.0
0.0
0.0
0.0
0.0
0.0
0.0
0.0
0.0
0.0
0.0
0.0
0.0
0.0
0.0
0.0
0.0
0.0
0.0
0.0
0.0
0.0
0.0
0.0
0.0
0.0
0.0
0.0
0.0
0.0
0.0
0.0
0.0
0.0
0.0
0.0
0.0
0.0
0.0
0.0
0.0
0.0
0.0
0.0
0.0
0.0
0.0
0.0
0.0
0.0
0.0
0.0
0.0
0.0
0.0
0.0
0.0
0.0
0.0
0.0
0.0
0.0
0.0
0.0
0.0
0.0
0.0
0.0
0.0
0.0
0.0
0.0
0.0
0.0
0.0
0.0
0.0
0.0
0.0
0.0
0.0
0.0
0.0
0.0
0.0
0.0
0.0
0.0
0.0
0.0
0.0
0.0
0.0
0.0
0.0
0.0
0.0
0.0
0.0
0.0
0.0
0.0
0.0
0.0
0.0
0.0
0.0
0.0
0.0
0.0
0.0
0.0
0.0
0.0
0.0
0.0
0.0
0.0
0.0
0.0
0.0
0.0
0.0
0.0
0.0
0.0
0.0
0.0
0.0
0.0
0.0
0.0
0.0
0.0
0.0
0.0
0.0
0.0
0.0
0.0
0.0
0.0
0.0
0.0
0.0
0.0
0.0
0.0
0.0
0.0
0.0
0.0
0.0
0.0
0.0
0.0
0.0
0.0
0.0
0.0
0.0
0.0
0.0
0.0
0.0
0.0
0.0
0.0
0.0
0.0
0.0
0.0
0.0
0.0
0.0
0.0
0.0
0.0
0.0
0.0
0.0
0.0
0.0
0.0
0.0
0.0
0.0
0.0
0.0
0.0
0.0
0.0
0.0
0.0
0.0
0.0
0.0
0.0
0.0
0.0
0.0
0.0
0.0
0.0
0.0
0.0
0.0
0.0
0.0
0.0
0.0
0.0
0.0
0.0
0.0
0.0
0.0
0.0
0.0
0.0
0.0
0.0
0.0
0.0
0.0
0.0
0.0
0.0
0.0
0.0
0.0
0.0
0.0
0.0
0.0
0.0
0.0
0.0
0.0
0.0
0.0
0.0
0.0
0.0
0.0
0.0
0.0
0.0
0.0
0.0
0.0
0.0
0.0
0.0
0.0
0.0
0.0
0.0
0.0
0.0
0.0
0.0
0.0
0.0
0.0
0.0
0.0
0.0
0.0
0.0
0.0
0.0
0.0
0.0
0.0
0.0
0.0
0.0
0.0
0.0
0.0
0.0
0.0
0.0
0.0
0.0
0.0
0.0
0.0
0.0
0.0
0.0
0.0
0.0
0.0
0.0
0.0
0.0
0.0
0.0
0.0
0.0
0.0
0.0
0.0
0.0
0.0
0.0
0.0
0.0
0.0
0.0
0.0
0.0
0.0
0.0
0.0
0.0
0.0
0.0
0.0
0.0
0.0
0.0
0.0
0.0
0.0
0.0
0.0
0.0
0.0
0.0
0.0
0.0
0.0
0.0
0.0
0.0
0.0
0.0
0.0
0.0
0.0
0.0
0.0
0.0
0.0
0.0
0.0
0.0
0.0
0.0
0.0
0.0
0.0
0.0
0.0
0.0
0.0
0.0
0.0
0.0
0.0
0.0
0.0
0.0
0.0
0.0
0.0
0.0
0.0
0.0
0.0
0.0
0.0
0.0
0.0
0.0
0.0
0.0
0.0
0.0
0.0
0.0
0.0
0.0
0.0
0.0
0.0
0.0
0.0
0.0
0.0
0.0
0.0
0.0
0.0
0.0
0.0
0.0
0.0
0.0
0.0
0.0
0.0
0.0
0.0
0.0
0.0
0.0
0.0
0.0
0.0
0.0
0.0
0.0
0.0
0.0
0.0
0.0
0.0
0.0
0.0
0.0
0.0
0.0
0.0
0.0
0.0
0.0
0.0
0.0
0.0
0.0
0.0
0.0
0.0
0.0
0.0
0.0
0.0
0.0
0.0
0.0
0.0
0.0
0.0
0.0
0.0
0.0
0.0
0.0
0.0
0.0
0.0
0.0
0.0
0.0
0.0
0.0
0.0
0.0
0.0
0.0
0.0
0.0
0.0
0.0
0.0
0.0
0.0
0.0
0.0
0.0
0.0
0.0
0.0
0.0
0.0
0.0
0.0
0.0
0.0
0.0
0.0
0.0
0.0
0.0
0.0
0.0
0.0
0.0
0.0
0.0
0.0
0.0
0.0
0.0
0.0
0.0
0.0
0.0
0.0
0.0
0.0
0.0
0.0
0.0
0.0
0.0
0.0
0.0
0.0
0.0
0.0
0.0
0.0
0.0
0.0
0.0
0.0
0.0
0.0
0.0
0.0
0.0
0.0
0.0
0.0
0.0
0.0
0.0
0.0
0.0
0.0
0.0
0.0
0.0
0.0
0.0
0.0
0.0
0.0
0.0
0.0
0.0
0.0
0.0
0.0
0.0
0.0
0.0
0.0
0.0
0.0
0.0
0.0
0.0
0.0
0.0
0.0
0.0
0.0
0.0
0.0
0.0
0.0
0.0
0.0
0.0
0.0
0.0
0.0
0.0
0.0
0.0
0.0
0.0
0.0
0.0
0.0
0.0
0.0
0.0
0.0
0.0
0.0
0.0
0.0
0.0
0.0
0.0
0.0
0.0
0.0
0.0
0.0
0.0
0.0
0.0
0.0
0.0
0.0
0.0
0.0
0.0
0.0
0.0
0.0
0.0
0.0
0.0
0.0
0.0
0.0
0.0
0.0
0.0
0.0
0.0
0.0
0.0
0.0
0.0
0.0
0.0
0.0
0.0
0.0
0.0
0.0
0.0
0.0
0.0
0.0
0.0
0.0
0.0
0.0
0.0
0.0
0.0
0.0
0.0
0.0
0.0
0.0
0.0
0.0
0.0
0.0
0.0
0.0
0.0
0.0
0.0
0.0
0.0
0.0
0.0
0.0
0.0
0.0
0.0
0.0
0.0
0.0
0.0
0.0
0.0
0.0
0.0
0.0
0.0
0.0
0.0
0.0
0.0
0.0
0.0
0.0
0.0
0.0
0.0
0.0
0.0
0.0
0.0
0.0
0.0
0.0
0.0
0.0
0.0
0.0
0.0
0.0
0.0
0.0
0.0
0.0
0.0
0.0
0.0
0.0
0.0
0.0
0.0
0.0
0.0
0.0
0.0
0.0
0.0
0.0
0.0
0.0
0.0
0.0
0.0
0.0
0.0
0.0
0.0
0.0
0.0
0.0
0.0
0.0
0.0
0.0
0.0
0.0
0.0
0.0
0.0
0.0
0.0
0.0
0.0
0.0
0.0
0.0
0.0
0.0
0.0
0.0
0.0
0.0
0.0
0.0
0.0
0.0
0.0
0.0
0.0
0.0
0.0
0.0
0.0
0.0
0.0
0.0
0.0
0.0
0.0
0.0
0.0
0.0
0.0
0.0
0.0
0.0
0.0
0.0
0.0
0.0
0.0
0.0
0.0
0.0
0.0
0.0
0.0
0.0
0.0
0.0
0.0
0.0
0.0
0.0
0.0
0.0
0.0
0.0
0.0
0.0
0.0
0.0
0.0
0.0
0.0
0.0
0.0
0.0
0.0
0.0
0.0
0.0
0.0
0.0
0.0
0.0
0.0
0.0
0.0
0.0
0.0
0.0
0.0
0.0
0.0
0.0
0.0
0.0
0.0
0.0
0.0
0.0
0.0
0.0
0.0
0.0
0.0
0.0
0.0
0.0
0.0
0.0
0.0
0.0
0.0
0.0
0.0
0.0
0.0
0.0
0.0
0.0
0.0
0.0
0.0
0.0
0.0
0.0
0.0
0.0
0.0
0.0
0.0
0.0
0.0
0.0
0.0
0.0
0.0
0.0
0.0
0.0
0.0
0.0
0.0
0.0
0.0
0.0
0.0
0.0
0.0
0.0
0.0
0.0
0.0
0.0
0.0
0.0
0.0
0.0
0.0
0.0
0.0
0.0
0.0
0.0
0.0
0.0
0.0
0.0
0.0
0.0
0.0
0.0
0.0
0.0
0.0
0.0
0.0
0.0
0.0
0.0
0.0
0.0
0.0
0.0
0.0
0.0
0.0
0.0
0.0
0.0
0.0
0.0
0.0
0.0
0.0
0.0
0.0
0.0
0.0
0.0
0.0
0.0
0.0
0.0
0.0
0.0
0.0
0.0
