0.0
0.0
0.0010986328
0.0010986328
0.0025024414
0.0025024414
0.0040283203
0.0040283203
0.0058288574
0.0058288574
0.007873535
0.007873535
0.010009766
0.010009766
0.012542725
0.012542725
0.015350342
0.015350342
0.018218994
0.018218994
0.021728516
0.021728516
0.025665283
0.025665283
0.029571533
0.029571533
0.031921387
0.031921387
0.034484863
0.034484863
0.036193848
0.036193848
0.03881836
0.03881836
0.0435791
0.0435791
0.044189453
0.044189453
-0.27682495
-0.27682495
-0.177948
-0.177948
0.3270874
0.3270874
-0.97943115
-0.97943115
0.5045166
0.5045166
-0.3156128
-0.3156128
-0.9792175
-0.9792175
-0.17880249
-0.17880249
0.89837646
0.89837646
0.41003418
0.41003418
-0.5769348
-0.5769348
0.99542236
0.99542236
0.62213135
0.62213135
0.40737915
0.40737915
0.03112793
0.03112793
0.9534912
0.9534912
0.41201782
0.41201782
-0.5309448
-0.5309448
0.99838257
0.99838257
0.06124878
0.06124878
-0.3666687
-0.3666687
0.3527527
0.3527527
-0.6612854
-0.6612854
-0.894989
-0.894989
-0.09197998
-0.09197998
-0.65496826
-0.65496826
-0.72387695
-0.72387695
-0.16098022
-0.16098022
0.54977417
0.54977417
-0.159729
-0.159729
0.2866516
0.2866516
0.9444275
0.9444275
0.4125061
0.4125061
-0.3119812
-0.3119812
0.119781494
0.119781494
0.18695068
0.18695068
-0.47192383
-0.47192383
-0.19903564
-0.19903564
0.4432373
0.4432373
0.02545166
0.02545166
-0.2980652
-0.2980652
0.005584717
0.005584717
-0.43743896
-0.43743896
-0.56762695
-0.56762695
-0.37646484
-0.37646484
-0.23345947
-0.23345947
-0.051239014
-0.051239014
0.07962036
0.07962036
0.37512207
0.37512207
0.23022461
0.23022461
0.3954773
0.3954773
0.47763062
0.47763062
0.13641357
0.13641357
-0.0054626465
-0.0054626465
0.08242798
0.08242798
-0.12219238
-0.12219238
-0.34014893
-0.34014893
-0.07904053
-0.07904053
0.009307861
0.009307861
-0.17327881
-0.17327881
-0.14273071
-0.14273071
0.040405273
0.040405273
-0.27801514
-0.27801514
-0.2635193
-0.2635193
-0.15829468
-0.15829468
0.007598877
0.007598877
0.07846069
0.07846069
0.113708496
0.113708496
0.22250366
0.22250366
0.19812012
0.19812012
0.20367432
0.20367432
0.20632935
0.20632935
0.16210938
0.16210938
0.06616211
0.06616211
-0.025665283
-0.025665283
-0.114990234
-0.114990234
-0.16519165
-0.16519165
-0.10549927
-0.10549927
-0.13601685
-0.13601685
-0.08023071
-0.08023071
-0.059539795
-0.059539795
-0.11993408
-0.11993408
-0.13589478
-0.13589478
-0.17184448
-0.17184448
0.032409668
0.032409668
0.027435303
0.027435303
0.08816528
0.08816528
0.1293335
0.1293335
0.1269226
0.1269226
0.11035156
0.11035156
0.0423584
0.0423584
0.032592773
0.032592773
-0.009979248
-0.009979248
-0.05117798
-0.05117798
-0.011444092
-0.011444092
-0.065093994
-0.065093994
-0.0027160645
-0.0027160645
-0.12997437
-0.12997437
-0.13632202
-0.13632202
-0.027557373
-0.027557373
-0.04928589
-0.04928589
0.014465332
0.014465332
0.040527344
0.040527344
0.08892822
0.08892822
0.008026123
0.008026123
0.066711426
0.066711426
0.027435303
0.027435303
0.021453857
0.021453857
-0.020111084
-0.020111084
0.013000488
0.013000488
0.03527832
0.03527832
-0.005706787
-0.005706787
-0.039489746
-0.039489746
-0.07015991
-0.07015991
-0.0014648438
-0.0014648438
-0.0044555664
-0.0044555664
-0.049194336
-0.049194336
-0.098358154
-0.098358154
-0.081726074
-0.081726074
-0.07852173
-0.07852173
0.08117676
0.08117676
0.05340576
0.05340576
0.124816895
0.124816895
0.09390259
0.09390259
0.03704834
0.03704834
0.022918701
0.022918701
0.009643555
0.009643555
0.07974243
0.07974243
-0.012542725
-0.012542725
0.01663208
0.01663208
-0.06878662
-0.06878662
0.041046143
0.041046143
-0.04537964
-0.04537964
0.04345703
0.04345703
-0.02230835
-0.02230835
-0.047698975
-0.047698975
-0.020080566
-0.020080566
-0.009429932
-0.009429932
0.002746582
0.002746582
0.05419922
0.05419922
-0.026763916
-0.026763916
0.09475708
0.09475708
-0.03286743
-0.03286743
0.007965088
0.007965088
-0.009307861
-0.009307861
-0.021270752
-0.021270752
-0.016204834
-0.016204834
-0.035614014
-0.035614014
0.044647217
0.044647217
0.025177002
0.025177002
0.020751953
0.020751953
0.030090332
0.030090332
0.0033569336
0.0033569336
0.01260376
0.01260376
-0.00970459
-0.00970459
-0.0039367676
-0.0039367676
-0.005065918
-0.005065918
0.011199951
0.011199951
0.044311523
0.044311523
0.034729004
0.034729004
-0.011962891
-0.011962891
-0.06863403
-0.06863403
-0.008880615
-0.008880615
-0.022521973
-0.022521973
0.043029785
0.043029785
0.07241821
0.07241821
0.078308105
0.078308105
-0.018005371
-0.018005371
-0.1126709
-0.1126709
-0.0640564
-0.0640564
-0.0038452148
-0.0038452148
0.048034668
0.048034668
0.07269287
0.07269287
-0.007293701
-0.007293701
-0.046844482
-0.046844482
-0.08807373
-0.08807373
0.015106201
0.015106201
0.018341064
0.018341064
0.01260376
0.01260376
0.022399902
0.022399902
-0.038635254
-0.038635254
-0.009552002
-0.009552002
-0.012145996
-0.012145996
-0.0126953125
-0.0126953125
-8.544922E-4
-8.544922E-4
-0.031463623
-0.031463623
0.012939453
0.012939453
0.008972168
0.008972168
0.02947998
0.02947998
-0.028503418
-0.028503418
-0.028625488
-0.028625488
-0.07394409
-0.07394409
0.007446289
0.007446289
-0.006591797
-0.006591797
0.020568848
0.020568848
0.011932373
0.011932373
0.0154418945
0.0154418945
0.01940918
0.01940918
0.0063171387
0.0063171387
0.027435303
0.027435303
-0.0030822754
-0.0030822754
-0.008514404
-0.008514404
-0.020568848
-0.020568848
0.009185791
0.009185791
0.031555176
0.031555176
-0.0078125
-0.0078125
-0.0050964355
-0.0050964355
-0.031463623
-0.031463623
-0.03778076
-0.03778076
0.03869629
0.03869629
0.027526855
0.027526855
0.025756836
0.025756836
0.011566162
0.011566162
-0.008361816
-0.008361816
0.03753662
0.03753662
0.009735107
0.009735107
0.018829346
0.018829346
-0.034973145
-0.034973145
-0.021453857
-0.021453857
-0.019317627
-0.019317627
0.020019531
0.020019531
0.0054016113
0.0054016113
0.0018615723
0.0018615723
-7.6293945E-4
-7.6293945E-4
-0.010131836
-0.010131836
-0.049987793
-0.049987793
0.017456055
0.017456055
-0.03744507
-0.03744507
0.028289795
0.028289795
0.017028809
0.017028809
0.03250122
0.03250122
-0.0032958984
-0.0032958984
-0.016571045
-0.016571045
-0.06832886
-0.06832886
-0.025115967
-0.025115967
-0.0060424805
-0.0060424805
0.036865234
0.036865234
-0.0063476562
-0.0063476562
0.034606934
0.034606934
-0.049194336
-0.049194336
-0.0010375977
-0.0010375977
-0.02508545
-0.02508545
-0.010925293
-0.010925293
-0.0063171387
-0.0063171387
-0.009063721
-0.009063721
-7.019043E-4
-7.019043E-4
0.003967285
0.003967285
-0.0051879883
-0.0051879883
-0.022033691
-0.022033691
-0.033813477
-0.033813477
0.020202637
0.020202637
0.0026550293
0.0026550293
-0.01159668
-0.01159668
-0.0053710938
-0.0053710938
-0.029815674
-0.029815674
-0.0032958984
-0.0032958984
0.0049743652
0.0049743652
0.031188965
0.031188965
0.020080566
0.020080566
-0.03704834
-0.03704834
-0.0052490234
-0.0052490234
-0.022460938
-0.022460938
0.02947998
0.02947998
0.01940918
0.01940918
0.018127441
0.018127441
-0.023620605
-0.023620605
-0.025299072
-0.025299072
-0.036499023
-0.036499023
0.010955811
0.010955811
0.011383057
0.011383057
0.02444458
0.02444458
0.002319336
0.002319336
0.0049438477
0.0049438477
-0.0049438477
-0.0049438477
-0.028167725
-0.028167725
0.0021362305
0.0021362305
0.013885498
0.013885498
0.030059814
0.030059814
0.015625
0.015625
3.6621094E-4
3.6621094E-4
0.0047302246
0.0047302246
-0.023651123
-0.023651123
5.493164E-4
5.493164E-4
-0.028564453
-0.028564453
0.0020446777
0.0020446777
0.0012207031
0.0012207031
0.042633057
0.042633057
0.022766113
0.022766113
-0.0045166016
-0.0045166016
-0.03161621
-0.03161621
-0.023651123
-0.023651123
0.007659912
0.007659912
0.013916016
0.013916016
0.027191162
0.027191162
-8.544922E-4
-8.544922E-4
0.0068969727
0.0068969727
0.0026855469
0.0026855469
-0.0026550293
-0.0026550293
-0.020324707
-0.020324707
-0.008972168
-0.008972168
0.013946533
0.013946533
-0.0025939941
-0.0025939941
0.0048828125
0.0048828125
-0.014770508
-0.014770508
-0.0071411133
-0.0071411133
-0.0020751953
-0.0020751953
0.025604248
0.025604248
0.005432129
0.005432129
0.0019836426
0.0019836426
0.0040893555
0.0040893555
-0.022033691
-0.022033691
-9.1552734E-4
-9.1552734E-4
0.002960205
0.002960205
0.0066833496
0.0066833496
0.004425049
0.004425049
0.007293701
0.007293701
0.005065918
0.005065918
-0.005493164
-0.005493164
-0.009552002
-0.009552002
-0.012664795
-0.012664795
-0.0063476562
-0.0063476562
-0.0021362305
-0.0021362305
0.009643555
0.009643555
0.00390625
0.00390625
0.0020141602
0.0020141602
-0.010620117
-0.010620117
-0.012939453
-0.012939453
-0.0057678223
-0.0057678223
-0.010223389
-0.010223389
0.010009766
0.010009766
0.0026550293
0.0026550293
0.011413574
0.011413574
-0.0013427734
-0.0013427734
0.0011291504
0.0011291504
-0.0035705566
-0.0035705566
-0.010650635
-0.010650635
0.007080078
0.007080078
-0.015472412
-0.015472412
-0.010284424
-0.010284424
-0.0015869141
-0.0015869141
6.4086914E-4
6.4086914E-4
0.014343262
0.014343262
0.006866455
0.006866455
-3.0517578E-5
-3.0517578E-5
0.0012512207
0.0012512207
-0.013671875
-0.013671875
-0.0025024414
-0.0025024414
-0.001373291
-0.001373291
0.0073547363
0.0073547363
-1.5258789E-4
-1.5258789E-4
-0.005706787
-0.005706787
0.0029296875
0.0029296875
-0.007080078
-0.007080078
0.005065918
0.005065918
0.006164551
0.006164551
0.014526367
0.014526367
0.002380371
0.002380371
-3.6621094E-4
-3.6621094E-4
-0.011016846
-0.011016846
0.0018005371
0.0018005371
-0.006164551
-0.006164551
7.6293945E-4
7.6293945E-4
0.0113220215
0.0113220215
0.0061035156
0.0061035156
4.5776367E-4
4.5776367E-4
3.0517578E-5
3.0517578E-5
-0.0038146973
-0.0038146973
-0.0055236816
-0.0055236816
-2.1362305E-4
-2.1362305E-4
0.002746582
0.002746582
6.4086914E-4
6.4086914E-4
0.0068359375
0.0068359375
-0.0013427734
-0.0013427734
7.9345703E-4
7.9345703E-4
-0.0041503906
-0.0041503906
-0.0055236816
-0.0055236816
0.0020751953
0.0020751953
0.011810303
0.011810303
0.007293701
0.007293701
0.0014648438
0.0014648438
-0.0010681152
-0.0010681152
-0.004760742
-0.004760742
-0.0016479492
-0.0016479492
-0.0038146973
-0.0038146973
0.0010375977
0.0010375977
-3.0517578E-5
-3.0517578E-5
0.0019836426
0.0019836426
0.003540039
0.003540039
7.019043E-4
7.019043E-4
0.0025024414
0.0025024414
-0.003479004
-0.003479004
0.0026855469
0.0026855469
-0.0059814453
-0.0059814453
0.0014038086
0.0014038086
-2.4414062E-4
-2.4414062E-4
-0.0028686523
-0.0028686523
0.0030517578
0.0030517578
-0.003479004
-0.003479004
-0.0068969727
-0.0068969727
-0.007751465
-0.007751465
-0.014251709
-0.014251709
-0.0071411133
-0.0071411133
-0.0059814453
-0.0059814453
0.0020446777
0.0020446777
-0.0069274902
-0.0069274902
-0.002532959
-0.002532959
-0.010375977
-0.010375977
-0.0045776367
-0.0045776367
-0.0014038086
-0.0014038086
0.0029296875
0.0029296875
0.0032348633
0.0032348633
3.9672852E-4
3.9672852E-4
-0.003540039
-0.003540039
0.009552002
0.009552002
0.004852295
0.004852295
0.0025939941
0.0025939941
-0.0053100586
-0.0053100586
-0.0034484863
-0.0034484863
0.001953125
0.001953125
-0.0027770996
-0.0027770996
0.0017700195
0.0017700195
-0.0045776367
-0.0045776367
-0.0012207031
-0.0012207031
0.0011901855
0.0011901855
-0.0033874512
-0.0033874512
-0.0024414062
-0.0024414062
-0.009063721
-0.009063721
-0.005340576
-0.005340576
-0.0025939941
-0.0025939941
-0.002532959
-0.002532959
0.004211426
0.004211426
0.004119873
0.004119873
0.006225586
0.006225586
3.3569336E-4
3.3569336E-4
-1.5258789E-4
-1.5258789E-4
-0.011779785
-0.011779785
-4.5776367E-4
-4.5776367E-4
0.005126953
0.005126953
0.0079956055
0.0079956055
0.0033569336
0.0033569336
0.001373291
0.001373291
-0.008117676
-0.008117676
-0.0031738281
-0.0031738281
0.0028686523
0.0028686523
9.1552734E-5
9.1552734E-5
-0.0032653809
-0.0032653809
-0.0014343262
-0.0014343262
-0.003479004
-0.003479004
0.0034179688
0.0034179688
0.0019226074
0.0019226074
0.00491333
0.00491333
-4.272461E-4
-4.272461E-4
-0.002380371
-0.002380371
8.239746E-4
8.239746E-4
0.0018615723
0.0018615723
0.004180908
0.004180908
0.0018005371
0.0018005371
0.0026550293
0.0026550293
0.0027160645
0.0027160645
-8.544922E-4
-8.544922E-4
-0.0043029785
-0.0043029785
0.005645752
0.005645752
2.4414062E-4
2.4414062E-4
0.006011963
0.006011963
0.0031433105
0.0031433105
0.0058898926
0.0058898926
0.0015563965
0.0015563965
0.00894165
0.00894165
-0.0028686523
-0.0028686523
0.005004883
0.005004883
0.0010986328
0.0010986328
0.0025634766
0.0025634766
-0.0030517578
-0.0030517578
-0.002319336
-0.002319336
-0.0059509277
-0.0059509277
-0.0053100586
-0.0053100586
-0.001373291
-0.001373291
0.010467529
0.010467529
0.008270264
0.008270264
-0.0016479492
-0.0016479492
-0.008758545
-0.008758545
-0.004699707
-0.004699707
-0.0058288574
-0.0058288574
0.002960205
0.002960205
0.0012207031
0.0012207031
0.00390625
0.00390625
0.0028076172
0.0028076172
0.004425049
0.004425049
0.0041503906
0.0041503906
0.0043029785
0.0043029785
0.0049743652
0.0049743652
3.0517578E-5
3.0517578E-5
0.0045166016
0.0045166016
-0.0017700195
-0.0017700195
-0.004058838
-0.004058838
-0.009460449
-0.009460449
-0.0038146973
-0.0038146973
-0.005279541
-0.005279541
-0.0060424805
-0.0060424805
-0.0061950684
-0.0061950684
0.00592041
0.00592041
3.9672852E-4
3.9672852E-4
0.0016479492
0.0016479492
-0.0052490234
-0.0052490234
-0.0028076172
-0.0028076172
-0.005859375
-0.005859375
7.324219E-4
7.324219E-4
-0.0010375977
-0.0010375977
0.0022888184
0.0022888184
0.0035095215
0.0035095215
0.00491333
0.00491333
0.0043640137
0.0043640137
0.0030212402
0.0030212402
-0.0034179688
-0.0034179688
-0.00491333
-0.00491333
-0.0048217773
-0.0048217773
-0.001159668
-0.001159668
-0.0028381348
-0.0028381348
5.79834E-4
5.79834E-4
0.0016479492
0.0016479492
0.00390625
0.00390625
0.0032958984
0.0032958984
0.0035095215
0.0035095215
0.0032348633
0.0032348633
0.0029907227
0.0029907227
-4.5776367E-4
-4.5776367E-4
-0.0018005371
-0.0018005371
-0.0055236816
-0.0055236816
-0.006652832
-0.006652832
-0.0015258789
-0.0015258789
0.0027160645
0.0027160645
0.005859375
0.005859375
0.005706787
0.005706787
0.0028686523
0.0028686523
-2.4414062E-4
-2.4414062E-4
-0.0014953613
-0.0014953613
-4.8828125E-4
-4.8828125E-4
-0.0028381348
-0.0028381348
3.0517578E-4
3.0517578E-4
0.001159668
0.001159668
0.0021362305
0.0021362305
0.0027160645
0.0027160645
0.0032653809
0.0032653809
0.002532959
0.002532959
6.713867E-4
6.713867E-4
0.0016479492
0.0016479492
0.002746582
0.002746582
0.0016784668
0.0016784668
-0.0014038086
-0.0014038086
7.9345703E-4
7.9345703E-4
2.4414062E-4
2.4414062E-4
0.002105713
0.002105713
0.0024108887
0.0024108887
0.0032348633
0.0032348633
0.0016174316
0.0016174316
-6.1035156E-4
-6.1035156E-4
-6.1035156E-4
-6.1035156E-4
-5.493164E-4
-5.493164E-4
0.0015869141
0.0015869141
0.0024414062
0.0024414062
-5.187988E-4
-5.187988E-4
-9.1552734E-5
-9.1552734E-5
-3.9672852E-4
-3.9672852E-4
-6.4086914E-4
-6.4086914E-4
-0.001159668
-0.001159668
-0.0015258789
-0.0015258789
-0.0016174316
-0.0016174316
-0.0049438477
-0.0049438477
-0.0059509277
-0.0059509277
-0.004852295
-0.004852295
-9.765625E-4
-9.765625E-4
-5.493164E-4
-5.493164E-4
-5.493164E-4
-5.493164E-4
-0.001159668
-0.001159668
-6.713867E-4
-6.713867E-4
-5.493164E-4
-5.493164E-4
-5.187988E-4
-5.187988E-4
-0.0010681152
-0.0010681152
-4.272461E-4
-4.272461E-4
-0.0018310547
-0.0018310547
-0.0010986328
-0.0010986328
-0.002960205
-0.002960205
-0.0020751953
-0.0020751953
-0.0018615723
-0.0018615723
-3.3569336E-4
-3.3569336E-4
-2.4414062E-4
-2.4414062E-4
-0.0015258789
-0.0015258789
-0.0014038086
-0.0014038086
-0.0018615723
-0.0018615723
-0.001159668
-0.001159668
-0.0015563965
-0.0015563965
-0.001159668
-0.001159668
-0.0010070801
-0.0010070801
-6.1035156E-5
-6.1035156E-5
3.0517578E-4
3.0517578E-4
3.0517578E-4
3.0517578E-4
-3.9672852E-4
-3.9672852E-4
-2.1362305E-4
-2.1362305E-4
-0.0016174316
-0.0016174316
-0.0017700195
-0.0017700195
-0.0027770996
-0.0027770996
-0.0025939941
-0.0025939941
-0.0028076172
-0.0028076172
-0.0026245117
-0.0026245117
-0.0015869141
-0.0015869141
-0.0016174316
-0.0016174316
-0.0015563965
-0.0015563965
-0.0021362305
-0.0021362305
-0.0020751953
-0.0020751953
-0.002960205
-0.002960205
-0.0021972656
-0.0021972656
-0.0016174316
-0.0016174316
-0.0011291504
-0.0011291504
-8.239746E-4
-8.239746E-4
5.79834E-4
5.79834E-4
3.9672852E-4
3.9672852E-4
-2.4414062E-4
-2.4414062E-4
0.0
0.0
-9.1552734E-5
-9.1552734E-5
4.5776367E-4
4.5776367E-4
0.001159668
0.001159668
8.8500977E-4
8.8500977E-4
0.0014343262
0.0014343262
0.0017700195
0.0017700195
0.0016479492
0.0016479492
0.0025024414
0.0025024414
0.0026550293
0.0026550293
0.0035095215
0.0035095215
0.003326416
0.003326416
0.0036010742
0.0036010742
0.0032043457
0.0032043457
0.0034484863
0.0034484863
0.0038452148
0.0038452148
0.0042419434
0.0042419434
0.0041503906
0.0041503906
0.004058838
0.004058838
0.0032348633
0.0032348633
0.0033874512
0.0033874512
0.003112793
0.003112793
0.0031738281
0.0031738281
0.0024719238
0.0024719238
0.0018920898
0.0018920898
0.0015258789
0.0015258789
0.001159668
0.001159668
7.9345703E-4
7.9345703E-4
3.9672852E-4
3.9672852E-4
1.5258789E-4
1.5258789E-4
6.1035156E-5
6.1035156E-5
-1.8310547E-4
-1.8310547E-4
-4.272461E-4
-4.272461E-4
-3.3569336E-4
-3.3569336E-4
-8.544922E-4
-8.544922E-4
-5.493164E-4
-5.493164E-4
-0.0012207031
-0.0012207031
-0.0010375977
-0.0010375977
-0.0012207031
-0.0012207031
-0.0011291504
-0.0011291504
-0.0010375977
-0.0010375977
-5.493164E-4
-5.493164E-4
-7.324219E-4
-7.324219E-4
-9.1552734E-4
-9.1552734E-4
-8.239746E-4
-8.239746E-4
-0.0012207031
-0.0012207031
-0.0010375977
-0.0010375977
-9.1552734E-4
-9.1552734E-4
-6.1035156E-4
-6.1035156E-4
-2.4414062E-4
-2.4414062E-4
1.2207031E-4
1.2207031E-4
1.5258789E-4
1.5258789E-4
9.1552734E-5
9.1552734E-5
-2.4414062E-4
-2.4414062E-4
-6.1035156E-4
-6.1035156E-4
-3.9672852E-4
-3.9672852E-4
-4.5776367E-4
-4.5776367E-4
-6.1035156E-4
-6.1035156E-4
-3.0517578E-4
-3.0517578E-4
-1.2207031E-4
-1.2207031E-4
-2.1362305E-4
-2.1362305E-4
-5.79834E-4
-5.79834E-4
-5.493164E-4
-5.493164E-4
-8.239746E-4
-8.239746E-4
-7.9345703E-4
-7.9345703E-4
-5.79834E-4
-5.79834E-4
-3.9672852E-4
-3.9672852E-4
-5.79834E-4
-5.79834E-4
-7.6293945E-4
-7.6293945E-4
-6.1035156E-4
-6.1035156E-4
-6.713867E-4
-6.713867E-4
-7.019043E-4
-7.019043E-4
-4.5776367E-4
-4.5776367E-4
-5.79834E-4
-5.79834E-4
-6.4086914E-4
-6.4086914E-4
-4.8828125E-4
-4.8828125E-4
-4.8828125E-4
-4.8828125E-4
-4.8828125E-4
-4.8828125E-4
-2.746582E-4
-2.746582E-4
-3.3569336E-4
-3.3569336E-4
-3.3569336E-4
-3.3569336E-4
-4.272461E-4
-4.272461E-4
-3.3569336E-4
-3.3569336E-4
-2.1362305E-4
-2.1362305E-4
-9.1552734E-5
-9.1552734E-5
1.5258789E-4
1.5258789E-4
6.1035156E-5
6.1035156E-5
3.0517578E-5
3.0517578E-5
3.0517578E-5
3.0517578E-5
1.2207031E-4
1.2207031E-4
1.5258789E-4
1.5258789E-4
0.0
0.0
1.8310547E-4
1.8310547E-4
1.2207031E-4
1.2207031E-4
2.4414062E-4
2.4414062E-4
4.5776367E-4
4.5776367E-4
3.9672852E-4
3.9672852E-4
2.746582E-4
2.746582E-4
3.9672852E-4
3.9672852E-4
3.0517578E-4
3.0517578E-4
2.1362305E-4
2.1362305E-4
2.4414062E-4
2.4414062E-4
2.746582E-4
2.746582E-4
3.3569336E-4
3.3569336E-4
3.9672852E-4
3.9672852E-4
4.272461E-4
4.272461E-4
1.8310547E-4
1.8310547E-4
1.5258789E-4
1.5258789E-4
1.8310547E-4
1.8310547E-4
1.8310547E-4
1.8310547E-4
2.4414062E-4
2.4414062E-4
2.746582E-4
2.746582E-4
3.0517578E-4
3.0517578E-4
3.6621094E-4
3.6621094E-4
3.0517578E-4
3.0517578E-4
4.272461E-4
4.272461E-4
2.4414062E-4
2.4414062E-4
1.2207031E-4
1.2207031E-4
2.4414062E-4
2.4414062E-4
2.1362305E-4
2.1362305E-4
1.8310547E-4
1.8310547E-4
1.8310547E-4
1.8310547E-4
3.3569336E-4
3.3569336E-4
3.0517578E-4
3.0517578E-4
2.4414062E-4
2.4414062E-4
3.3569336E-4
3.3569336E-4
1.2207031E-4
1.2207031E-4
1.8310547E-4
1.8310547E-4
2.4414062E-4
2.4414062E-4
9.1552734E-5
9.1552734E-5
9.1552734E-5
9.1552734E-5
1.5258789E-4
1.5258789E-4
9.1552734E-5
9.1552734E-5
1.5258789E-4
1.5258789E-4
1.5258789E-4
1.5258789E-4
3.0517578E-5
3.0517578E-5
-3.0517578E-5
-3.0517578E-5
3.0517578E-5
3.0517578E-5
-3.0517578E-5
-3.0517578E-5
0.0
0.0
-6.1035156E-5
-6.1035156E-5
6.1035156E-5
6.1035156E-5
0.0
0.0
-3.0517578E-5
-3.0517578E-5
-6.1035156E-5
-6.1035156E-5
-1.8310547E-4
-1.8310547E-4
-1.2207031E-4
-1.2207031E-4
-2.746582E-4
-2.746582E-4
-9.1552734E-5
-9.1552734E-5
-1.5258789E-4
-1.5258789E-4
-1.5258789E-4
-1.5258789E-4
-2.1362305E-4
-2.1362305E-4
-2.1362305E-4
-2.1362305E-4
-1.8310547E-4
-1.8310547E-4
-2.4414062E-4
-2.4414062E-4
-1.5258789E-4
-1.5258789E-4
-3.3569336E-4
-3.3569336E-4
-3.3569336E-4
-3.3569336E-4
-3.6621094E-4
-3.6621094E-4
-3.0517578E-4
-3.0517578E-4
-3.0517578E-4
-3.0517578E-4
-2.4414062E-4
-2.4414062E-4
-2.4414062E-4
-2.4414062E-4
-2.4414062E-4
-2.4414062E-4
-1.8310547E-4
-1.8310547E-4
-1.2207031E-4
-1.2207031E-4
-1.2207031E-4
-1.2207031E-4
-6.1035156E-5
-6.1035156E-5
0.0
0.0
-3.0517578E-5
-3.0517578E-5
0.0
0.0
9.1552734E-5
9.1552734E-5
1.2207031E-4
1.2207031E-4
1.8310547E-4
1.8310547E-4
2.1362305E-4
2.1362305E-4
2.746582E-4
2.746582E-4
2.746582E-4
2.746582E-4
2.4414062E-4
2.4414062E-4
3.3569336E-4
3.3569336E-4
3.0517578E-4
3.0517578E-4
3.6621094E-4
3.6621094E-4
4.5776367E-4
4.5776367E-4
4.5776367E-4
4.5776367E-4
3.9672852E-4
3.9672852E-4
4.8828125E-4
4.8828125E-4
3.9672852E-4
3.9672852E-4
3.6621094E-4
3.6621094E-4
3.9672852E-4
3.9672852E-4
3.9672852E-4
3.9672852E-4
3.3569336E-4
3.3569336E-4
2.746582E-4
2.746582E-4
1.8310547E-4
1.8310547E-4
9.1552734E-5
9.1552734E-5
6.1035156E-5
6.1035156E-5
-3.0517578E-5
-3.0517578E-5
0.0
0.0
0.0
0.0
-1.5258789E-4
-1.5258789E-4
-1.5258789E-4
-1.5258789E-4
-2.1362305E-4
-2.1362305E-4
-2.4414062E-4
-2.4414062E-4
-2.1362305E-4
-2.1362305E-4
-2.4414062E-4
-2.4414062E-4
-2.746582E-4
-2.746582E-4
-2.746582E-4
-2.746582E-4
-2.746582E-4
-2.746582E-4
-3.3569336E-4
-3.3569336E-4
-3.3569336E-4
-3.3569336E-4
-3.0517578E-4
-3.0517578E-4
-3.6621094E-4
-3.6621094E-4
-3.9672852E-4
-3.9672852E-4
-4.272461E-4
-4.272461E-4
-4.5776367E-4
-4.5776367E-4
-4.5776367E-4
-4.5776367E-4
-4.8828125E-4
-4.8828125E-4
-4.8828125E-4
-4.8828125E-4
-4.272461E-4
-4.272461E-4
-3.9672852E-4
-3.9672852E-4
-4.272461E-4
-4.272461E-4
-3.6621094E-4
-3.6621094E-4
-3.6621094E-4
-3.6621094E-4
-3.3569336E-4
-3.3569336E-4
-3.0517578E-4
-3.0517578E-4
-2.746582E-4
-2.746582E-4
-2.1362305E-4
-2.1362305E-4
-2.1362305E-4
-2.1362305E-4
-1.8310547E-4
-1.8310547E-4
-1.5258789E-4
-1.5258789E-4
-9.1552734E-5
-9.1552734E-5
-9.1552734E-5
-9.1552734E-5
-3.0517578E-5
-3.0517578E-5
-3.0517578E-5
-3.0517578E-5
0.0
0.0
6.1035156E-5
6.1035156E-5
1.2207031E-4
1.2207031E-4
1.5258789E-4
1.5258789E-4
2.4414062E-4
2.4414062E-4
1.8310547E-4
1.8310547E-4
1.8310547E-4
1.8310547E-4
2.746582E-4
2.746582E-4
2.4414062E-4
2.4414062E-4
1.8310547E-4
1.8310547E-4
2.1362305E-4
2.1362305E-4
2.1362305E-4
2.1362305E-4
1.8310547E-4
1.8310547E-4
1.2207031E-4
1.2207031E-4
9.1552734E-5
9.1552734E-5
6.1035156E-5
6.1035156E-5
6.1035156E-5
6.1035156E-5
0.0
0.0
0.0
0.0
-3.0517578E-5
-3.0517578E-5
-6.1035156E-5
-6.1035156E-5
0.0
0.0
-9.1552734E-5
-9.1552734E-5
-3.0517578E-5
-3.0517578E-5
-3.0517578E-5
-3.0517578E-5
-3.0517578E-5
-3.0517578E-5
-3.0517578E-5
-3.0517578E-5
0.0
0.0
0.0
0.0
0.0
0.0
0.0
0.0
3.0517578E-5
3.0517578E-5
6.1035156E-5
6.1035156E-5
6.1035156E-5
6.1035156E-5
1.2207031E-4
1.2207031E-4
9.1552734E-5
9.1552734E-5
1.2207031E-4
1.2207031E-4
1.2207031E-4
1.2207031E-4
1.8310547E-4
1.8310547E-4
1.2207031E-4
1.2207031E-4
1.8310547E-4
1.8310547E-4
2.1362305E-4
2.1362305E-4
2.1362305E-4
2.1362305E-4
1.8310547E-4
1.8310547E-4
1.8310547E-4
1.8310547E-4
1.5258789E-4
1.5258789E-4
1.5258789E-4
1.5258789E-4
1.5258789E-4
1.5258789E-4
1.2207031E-4
1.2207031E-4
9.1552734E-5
9.1552734E-5
1.2207031E-4
1.2207031E-4
6.1035156E-5
6.1035156E-5
0.0
0.0
0.0
0.0
0.0
0.0
-3.0517578E-5
-3.0517578E-5
-6.1035156E-5
-6.1035156E-5
-1.2207031E-4
-1.2207031E-4
-1.5258789E-4
-1.5258789E-4
-2.1362305E-4
-2.1362305E-4
-2.1362305E-4
-2.1362305E-4
-2.4414062E-4
-2.4414062E-4
-2.746582E-4
-2.746582E-4
-3.0517578E-4
-3.0517578E-4
-2.746582E-4
-2.746582E-4
-2.746582E-4
-2.746582E-4
-2.4414062E-4
-2.4414062E-4
-1.8310547E-4
-1.8310547E-4
-1.5258789E-4
-1.5258789E-4
-6.1035156E-5
-6.1035156E-5
0.0
0.0
9.1552734E-5
9.1552734E-5
1.5258789E-4
1.5258789E-4
2.4414062E-4
2.4414062E-4
3.0517578E-4
3.0517578E-4
3.6621094E-4
3.6621094E-4
4.272461E-4
4.272461E-4
4.8828125E-4
4.8828125E-4
5.187988E-4
5.187988E-4
5.493164E-4
5.493164E-4
5.493164E-4
5.493164E-4
5.493164E-4
5.493164E-4
5.493164E-4
5.493164E-4
5.187988E-4
5.187988E-4
5.187988E-4
5.187988E-4
4.8828125E-4
4.8828125E-4
4.272461E-4
4.272461E-4
3.9672852E-4
3.9672852E-4
3.6621094E-4
3.6621094E-4
3.0517578E-4
3.0517578E-4
2.746582E-4
2.746582E-4
2.4414062E-4
2.4414062E-4
1.8310547E-4
1.8310547E-4
1.2207031E-4
1.2207031E-4
9.1552734E-5
9.1552734E-5
6.1035156E-5
6.1035156E-5
0.0
0.0
0.0
0.0
-3.0517578E-5
-3.0517578E-5
-6.1035156E-5
-6.1035156E-5
-9.1552734E-5
-9.1552734E-5
-1.2207031E-4
-1.2207031E-4
-1.5258789E-4
-1.5258789E-4
-1.8310547E-4
-1.8310547E-4
-2.1362305E-4
-2.1362305E-4
-2.1362305E-4
-2.1362305E-4
-2.4414062E-4
-2.4414062E-4
-2.746582E-4
-2.746582E-4
-2.746582E-4
-2.746582E-4
-2.746582E-4
-2.746582E-4
-3.0517578E-4
-3.0517578E-4
-3.0517578E-4
-3.0517578E-4
-3.0517578E-4
-3.0517578E-4
-3.0517578E-4
-3.0517578E-4
-3.0517578E-4
-3.0517578E-4
-3.0517578E-4
-3.0517578E-4
-3.0517578E-4
-3.0517578E-4
-2.746582E-4
-2.746582E-4
-2.746582E-4
-2.746582E-4
-2.746582E-4
-2.746582E-4
-2.746582E-4
-2.746582E-4
-2.746582E-4
-2.746582E-4
-2.746582E-4
-2.746582E-4
-2.4414062E-4
-2.4414062E-4
-2.1362305E-4
-2.1362305E-4
-2.1362305E-4
-2.1362305E-4
-2.1362305E-4
-2.1362305E-4
-1.8310547E-4
-1.8310547E-4
-1.5258789E-4
-1.5258789E-4
-1.5258789E-4
-1.5258789E-4
-1.2207031E-4
-1.2207031E-4
-9.1552734E-5
-9.1552734E-5
-6.1035156E-5
-6.1035156E-5
-6.1035156E-5
-6.1035156E-5
-3.0517578E-5
-3.0517578E-5
0.0
0.0
0.0
0.0
0.0
0.0
3.0517578E-5
3.0517578E-5
3.0517578E-5
3.0517578E-5
6.1035156E-5
6.1035156E-5
6.1035156E-5
6.1035156E-5
6.1035156E-5
6.1035156E-5
9.1552734E-5
9.1552734E-5
9.1552734E-5
9.1552734E-5
9.1552734E-5
9.1552734E-5
9.1552734E-5
9.1552734E-5
1.2207031E-4
1.2207031E-4
9.1552734E-5
9.1552734E-5
9.1552734E-5
9.1552734E-5
9.1552734E-5
9.1552734E-5
9.1552734E-5
9.1552734E-5
9.1552734E-5
9.1552734E-5
6.1035156E-5
6.1035156E-5
3.0517578E-5
3.0517578E-5
3.0517578E-5
3.0517578E-5
0.0
0.0
0.0
0.0
0.0
0.0
0.0
0.0
0.0
0.0
-3.0517578E-5
-3.0517578E-5
-6.1035156E-5
-6.1035156E-5
-6.1035156E-5
-6.1035156E-5
-9.1552734E-5
-9.1552734E-5
-9.1552734E-5
-9.1552734E-5
-1.2207031E-4
-1.2207031E-4
-1.2207031E-4
-1.2207031E-4
-1.5258789E-4
-1.5258789E-4
-1.5258789E-4
-1.5258789E-4
-1.8310547E-4
-1.8310547E-4
-1.8310547E-4
-1.8310547E-4
-1.8310547E-4
-1.8310547E-4
-1.8310547E-4
-1.8310547E-4
-1.8310547E-4
-1.8310547E-4
-1.8310547E-4
-1.8310547E-4
-1.8310547E-4
-1.8310547E-4
-1.8310547E-4
-1.8310547E-4
-1.8310547E-4
-1.8310547E-4
-1.5258789E-4
-1.5258789E-4
-1.5258789E-4
-1.5258789E-4
-1.2207031E-4
-1.2207031E-4
-9.1552734E-5
-9.1552734E-5
-9.1552734E-5
-9.1552734E-5
-3.0517578E-5
-3.0517578E-5
-3.0517578E-5
-3.0517578E-5
0.0
0.0
0.0
0.0
3.0517578E-5
3.0517578E-5
6.1035156E-5
6.1035156E-5
9.1552734E-5
9.1552734E-5
9.1552734E-5
9.1552734E-5
1.2207031E-4
1.2207031E-4
1.5258789E-4
1.5258789E-4
1.5258789E-4
1.5258789E-4
1.5258789E-4
1.5258789E-4
1.8310547E-4
1.8310547E-4
1.8310547E-4
1.8310547E-4
1.8310547E-4
1.8310547E-4
2.1362305E-4
2.1362305E-4
2.1362305E-4
2.1362305E-4
2.1362305E-4
2.1362305E-4
2.1362305E-4
2.1362305E-4
1.8310547E-4
1.8310547E-4
2.1362305E-4
2.1362305E-4
1.8310547E-4
1.8310547E-4
1.8310547E-4
1.8310547E-4
1.8310547E-4
1.8310547E-4
1.8310547E-4
1.8310547E-4
1.5258789E-4
1.5258789E-4
1.5258789E-4
1.5258789E-4
1.5258789E-4
1.5258789E-4
1.2207031E-4
1.2207031E-4
9.1552734E-5
9.1552734E-5
9.1552734E-5
9.1552734E-5
6.1035156E-5
6.1035156E-5
6.1035156E-5
6.1035156E-5
3.0517578E-5
3.0517578E-5
3.0517578E-5
3.0517578E-5
0.0
0.0
0.0
0.0
0.0
0.0
0.0
0.0
0.0
0.0
0.0
0.0
-3.0517578E-5
-3.0517578E-5
-3.0517578E-5
-3.0517578E-5
-3.0517578E-5
-3.0517578E-5
-3.0517578E-5
-3.0517578E-5
-3.0517578E-5
-3.0517578E-5
-3.0517578E-5
-3.0517578E-5
-3.0517578E-5
-3.0517578E-5
-3.0517578E-5
-3.0517578E-5
-3.0517578E-5
-3.0517578E-5
-3.0517578E-5
-3.0517578E-5
0.0
0.0
0.0
0.0
0.0
0.0
0.0
0.0
0.0
0.0
0.0
0.0
0.0
0.0
0.0
0.0
0.0
0.0
0.0
0.0
0.0
0.0
0.0
0.0
0.0
0.0
0.0
0.0
0.0
0.0
0.0
0.0
0.0
0.0
0.0
0.0
0.0
0.0
0.0
0.0
0.0
0.0
3.0517578E-5
3.0517578E-5
0.0
0.0
3.0517578E-5
3.0517578E-5
3.0517578E-5
3.0517578E-5
3.0517578E-5
3.0517578E-5
3.0517578E-5
3.0517578E-5
3.0517578E-5
3.0517578E-5
3.0517578E-5
3.0517578E-5
3.0517578E-5
3.0517578E-5
3.0517578E-5
3.0517578E-5
3.0517578E-5
3.0517578E-5
0.0
0.0
0.0
0.0
0.0
0.0
0.0
0.0
0.0
0.0
0.0
0.0
-3.0517578E-5
-3.0517578E-5
-3.0517578E-5
-3.0517578E-5
-6.1035156E-5
-6.1035156E-5
-6.1035156E-5
-6.1035156E-5
-6.1035156E-5
-6.1035156E-5
-6.1035156E-5
-6.1035156E-5
-9.1552734E-5
-9.1552734E-5
-9.1552734E-5
-9.1552734E-5
-9.1552734E-5
-9.1552734E-5
-9.1552734E-5
-9.1552734E-5
-9.1552734E-5
-9.1552734E-5
-9.1552734E-5
-9.1552734E-5
-9.1552734E-5
-9.1552734E-5
-9.1552734E-5
-9.1552734E-5
-9.1552734E-5
-9.1552734E-5
-9.1552734E-5
-9.1552734E-5
-9.1552734E-5
-9.1552734E-5
-6.1035156E-5
-6.1035156E-5
-6.1035156E-5
-6.1035156E-5
-6.1035156E-5
-6.1035156E-5
-6.1035156E-5
-6.1035156E-5
-3.0517578E-5
-3.0517578E-5
-3.0517578E-5
-3.0517578E-5
-3.0517578E-5
-3.0517578E-5
0.0
0.0
0.0
0.0
0.0
0.0
0.0
0.0
0.0
0.0
0.0
0.0
0.0
0.0
0.0
0.0
3.0517578E-5
3.0517578E-5
3.0517578E-5
3.0517578E-5
3.0517578E-5
3.0517578E-5
3.0517578E-5
3.0517578E-5
3.0517578E-5
3.0517578E-5
3.0517578E-5
3.0517578E-5
3.0517578E-5
3.0517578E-5
3.0517578E-5
3.0517578E-5
3.0517578E-5
3.0517578E-5
3.0517578E-5
3.0517578E-5
3.0517578E-5
3.0517578E-5
3.0517578E-5
3.0517578E-5
3.0517578E-5
3.0517578E-5
3.0517578E-5
3.0517578E-5
3.0517578E-5
3.0517578E-5
0.0
0.0
0.0
0.0
0.0
0.0
0.0
0.0
0.0
0.0
0.0
0.0
0.0
0.0
0.0
0.0
0.0
0.0
0.0
0.0
0.0
0.0
0.0
0.0
0.0
0.0
0.0
0.0
0.0
0.0
0.0
0.0
0.0
0.0
0.0
0.0
0.0
0.0
0.0
0.0
0.0
0.0
0.0
0.0
0.0
0.0
0.0
0.0
0.0
0.0
0.0
0.0
0.0
0.0
0.0
0.0
0.0
0.0
0.0
0.0
0.0
0.0
0.0
0.0
0.0
0.0
0.0
0.0
0.0
0.0
0.0
0.0
0.0
0.0
0.0
0.0
0.0
0.0
0.0
0.0
0.0
0.0
0.0
0.0
0.0
0.0
0.0
0.0
0.0
0.0
0.0
0.0
0.0
0.0
0.0
0.0
0.0
0.0
0.0
0.0
0.0
0.0
0.0
0.0
0.0
0.0
0.0
0.0
0.0
0.0
0.0
0.0
0.0
0.0
0.0
0.0
0.0
0.0
0.0
0.0
0.0
0.0
0.0
0.0
0.0
0.0
0.0
0.0
0.0
0.0
0.0
0.0
0.0
0.0
0.0
0.0
0.0
0.0
0.0
0.0
0.0
0.0
0.0
0.0
0.0
0.0
0.0
0.0
0.0
0.0
0.0
0.0
0.0
0.0
0.0
0.0
0.0
0.0
0.0
0.0
0.0
0.0
0.0
0.0
0.0
0.0
0.0
0.0
0.0
0.0
0.0
0.0
0.0
0.0
0.0
0.0
0.0
0.0
0.0
0.0
0.0
0.0
0.0
0.0
0.0
0.0
0.0
0.0
0.0
0.0
0.0
0.0
0.0
0.0
0.0
0.0
0.0
0.0
0.0
0.0
0.0
0.0
0.0
0.0
0.0
0.0
0.0
0.0
0.0
0.0
0.0
0.0
0.0
0.0
0.0
0.0
0.0
0.0
0.0
0.0
0.0
0.0
0.0
0.0
0.0
0.0
0.0
0.0
0.0
0.0
0.0
0.0
0.0
0.0
0.0
0.0
0.0
0.0
0.0
0.0
0.0
0.0
0.0
0.0
0.0
0.0
0.0
0.0
0.0
0.0
0.0
0.0
0.0
0.0
0.0
0.0
0.0
0.0
0.0
0.0
0.0
0.0
0.0
0.0
0.0
0.0
0.0
0.0
0.0
0.0
0.0
0.0
0.0
0.0
0.0
0.0
0.0
0.0
0.0
0.0
0.0
0.0
0.0
0.0
0.0
0.0
0.0
0.0
0.0
0.0
0.0
0.0
0.0
0.0
0.0
0.0
0.0
0.0
0.0
0.0
0.0
0.0
0.0
0.0
0.0
0.0
0.0
0.0
0.0
0.0
0.0
0.0
0.0
0.0
0.0
0.0
0.0
0.0
0.0
0.0
0.0
0.0
0.0
0.0
0.0
0.0
0.0
0.0
0.0
0.0
0.0
0.0
0.0
0.0
0.0
0.0
0.0
0.0
0.0
0.0
0.0
0.0
0.0
0.0
0.0
0.0
0.0
0.0
0.0
0.0
0.0
0.0
0.0
0.0
0.0
0.0
0.0
0.0
0.0
0.0
0.0
0.0
0.0
0.0
0.0
0.0
0.0
0.0
0.0
0.0
0.0
0.0
0.0
0.0
0.0
0.0
0.0
0.0
0.0
0.0
0.0
0.0
0.0
0.0
0.0
0.0
0.0
0.0
0.0
0.0
0.0
0.0
0.0
0.0
0.0
0.0
0.0
0.0
0.0
0.0
0.0
0.0
0.0
0.0
0.0
0.0
0.0
0.0
0.0
0.0
0.0
0.0
0.0
0.0
0.0
0.0
0.0
0.0
0.0
0.0
0.0
0.0
0.0
0.0
0.0
0.0
0.0
0.0
0.0
0.0
0.0
0.0
0.0
0.0
0.0
0.0
0.0
0.0
0.0
0.0
0.0
0.0
0.0
0.0
0.0
0.0
0.0
0.0
0.0
0.0
0.0
0.0
0.0
0.0
0.0
0.0
0.0
0.0
0.0
0.0
0.0
0.0
0.0
0.0
0.0
0.0
0.0
0.0
0.0
0.0
0.0
0.0
0.0
0.0
0.0
0.0
0.0
0.0
0.0
0.0
0.0
0.0
0.0
0.0
0.0
0.0
0.0
0.0
0.0
0.0
0.0
0.0
0.0
0.0
0.0
0.0
0.0
0.0
0.0
0.0
0.0
0.0
0.0
0.0
0.0
0.0
0.0
0.0
0.0
0.0
0.0
0.0
0.0
0.0
0.0
0.0
0.0
0.0
0.0
0.0
0.0
0.0
0.0
0.0
0.0
0.0
0.0
0.0
0.0
0.0
0.0
0.0
0.0
0.0
0.0
0.0
0.0
0.0
0.0
0.0
0.0
0.0
0.0
0.0
0.0
0.0
0.0
0.0
0.0
0.0
0.0
0.0
0.0
0.0
0.0
0.0
0.0
0.0
0.0
0.0
0.0
0.0
0.0
0.0
0.0
0.0
0.0
0.0
0.0
0.0
0.0
0.0
0.0
0.0
0.0
0.0
0.0
0.0
0.0
0.0
0.0
0.0
0.0
0.0
0.0
0.0
0.0
0.0
0.0
0.0
0.0
0.0
0.0
0.0
0.0
0.0
0.0
0.0
0.0
0.0
0.0
0.0
0.0
0.0
0.0
0.0
0.0
0.0
0.0
0.0
0.0
0.0
0.0
0.0
0.0
0.0
0.0
0.0
0.0
0.0
0.0
0.0
0.0
0.0
0.0
0.0
0.0
0.0
0.0
0.0
0.0
0.0
0.0
0.0
0.0
0.0
0.0
0.0
0.0
0.0
0.0
0.0
0.0
0.0
0.0
0.0
0.0
0.0
0.0
0.0
0.0
0.0
0.0
0.0
0.0
0.0
0.0
0.0
0.0
0.0
0.0
0.0
0.0
0.0
0.0
0.0
0.0
0.0
0.0
0.0
0.0
0.0
0.0
0.0
0.0
0.0
0.0
0.0
0.0
0.0
0.0
0.0
0.0
0.0
0.0
0.0
0.0
0.0
0.0
0.0
0.0
0.0
0.0
0.0
0.0
0.0
0.0
0.0
0.0
0.0
0.0
0.0
0.0
0.0
0.0
0.0
0.0
0.0
0.0
0.0
0.0
0.0
0.0
0.0
0.0
0.0
0.0
0.0
0.0
0.0
0.0
0.0
0.0
0.0
0.0
0.0
0.0
0.0
0.0
0.0
0.0
0.0
0.0
0.0
0.0
0.0
0.0
0.0
0.0
0.0
0.0
0.0
0.0
0.0
0.0
0.0
0.0
0.0
0.0
0.0
0.0
0.0
0.0
0.0
0.0
0.0
0.0
0.0
0.0
0.0
0.0
0.0
0.0
0.0
0.0
0.0
0.0
0.0
0.0
0.0
0.0
0.0
0.0
0.0
0.0
0.0
0.0
0.0
0.0
0.0
0.0
0.0
0.0
0.0
0.0
0.0
0.0
0.0
0.0
0.0
0.0
0.0
0.0
0.0
0.0
0.0
0.0
0.0
0.0
0.0
0.0
0.0
0.0
0.0
0.0
0.0
0.0
0.0
0.0
0.0
0.0
0.0
0.0
0.0
0.0
0.0
0.0
0.0
0.0
0.0
0.0
0.0
0.0
0.0
0.0
0.0
0.0
0.0
0.0
0.0
0.0
0.0
0.0
0.0
0.0
0.0
0.0
0.0
0.0
0.0
0.0
0.0
0.0
0.0
0.0
0.0
0.0
0.0
0.0
0.0
0.0
0.0
0.0
0.0
0.0
0.0
0.0
0.0
0.0
0.0
0.0
0.0
0.0
0.0
0.0
0.0
0.0
0.0
0.0
0.0
0.0
0.0
0.0
0.0
0.0
0.0
0.0
0.0
0.0
0.0
0.0
0.0
0.0
0.0
0.0
0.0
0.0
0.0
0.0
0.0
0.0
0.0
0.0
0.0
0.0
0.0
0.0
0.0
0.0
0.0
0.0
0.0
0.0
0.0
0.0
0.0
0.0
0.0
0.0
0.0
0.0
0.0
0.0
0.0
0.0
0.0
0.0
0.0
0.0
0.0
0.0
0.0
0.0
0.0
0.0
0.0
0.0
0.0
0.0
0.0
0.0
0.0
0.0
0.0
0.0
0.0
0.0
0.0
0.0
0.0
0.0
0.0
0.0
0.0
0.0
0.0
0.0
0.0
0.0
0.0
0.0
0.0
0.0
0.0
0.0
0.0
0.0
0.0
0.0
0.0
0.0
0.0
0.0
0.0
0.0
0.0
0.0
0.0
0.0
0.0
0.0
0.0
0.0
0.0
0.0
0.0
0.0
0.0
0.0
0.0
0.0
0.0
0.0
0.0
0.0
0.0
0.0
0.0
0.0
0.0
0.0
0.0
0.0
0.0
0.0
0.0
0.0
0.0
0.0
0.0
0.0
0.0
0.0
0.0
0.0
0.0
0.0
0.0
0.0
0.0
0.0
0.0
0.0
0.0
0.0
0.0
0.0
0.0
0.0
0.0
0.0
0.0
0.0
0.0
0.0
0.0
0.0
0.0
0.0
0.0
0.0
0.0
0.0
0.0
0.0
0.0
0.0
0.0
0.0
0.0
0.0
0.0
0.0
0.0
0.0
0.0
0.0
0.0
0.0
0.0
0.0
0.0
0.0
0.0
0.0
0.0
0.0
0.0
0.0
0.0
0.0
0.0
0.0
0.0
0.0
0.0
0.0
0.0
0.0
0.0
0.0
0.0
0.0
0.0
0.0
0.0
0.0
0.0
0.0
0.0
0.0
0.0
0.0
0.0
0.0
0.0
0.0
0.0
0.0
0.0
0.0
0.0
0.0
0.0
0.0
0.0
0.0
0.0
0.0
0.0
0.0
0.0
0.0
0.0
0.0
0.0
0.0
0.0
0.0
0.0
0.0
0.0
0.0
0.0
0.0
0.0
0.0
0.0
0.0
0.0
0.0
0.0
0.0
0.0
0.0
0.0
0.0
0.0
0.0
0.0
0.0
0.0
0.0
0.0
0.0
0.0
0.0
0.0
0.0
0.0
0.0
0.0
0.0
0.0
0.0
0.0
0.0
0.0
0.0
0.0
0.0
0.0
0.0
0.0
0.0
0.0
0.0
0.0
0.0
0.0
0.0
0.0
0.0
0.0
0.0
0.0
0.0
0.0
0.0
0.0
0.0
0.0
0.0
0.0
0.0
0.0
0.0
0.0
0.0
0.0
0.0
0.0
0.0
0.0
0.0
0.0
0.0
0.0
0.0
0.0
0.0
0.0
0.0
0.0
0.0
0.0
0.0
0.0
0.0
0.0
0.0
0.0
0.0
0.0
0.0
0.0
0.0
0.0
0.0
0.0
0.0
0.0
0.0
0.0
0.0
0.0
0.0
0.0
0.0
0.0
0.0
0.0
0.0
0.0
0.0
0.0
0.0
0.0
0.0
0.0
0.0
0.0
0.0
0.0
0.0
0.0
0.0
0.0
0.0
0.0
0.0
0.0
0.0
0.0
0.0
0.0
0.0
0.0
0.0
0.0
0.0
0.0
0.0
0.0
0.0
0.0
0.0
0.0
0.0
0.0
0.0
0.0
0.0
0.0
0.0
0.0
0.0
0.0
0.0
0.0
0.0
0.0
0.0
0.0
0.0
0.0
0.0
0.0
0.0
0.0
0.0
0.0
0.0
0.0
0.0
0.0
0.0
0.0
0.0
0.0
0.0
0.0
0.0
0.0
0.0
0.0
0.0
0.0
0.0
0.0
0.0
0.0
0.0
0.0
0.0
0.0
0.0
0.0
0.0
0.0
0.0
0.0
0.0
0.0
0.0
0.0
0.0
0.0
0.0
0.0
0.0
0.0
0.0
0.0
0.0
0.0
0.0
0.0
0.0
0.0
0.0
0.0
0.0
0.0
0.0
0.0
0.0
0.0
0.0
0.0
0.0
0.0
0.0
0.0
0.0
0.0
0.0
0.0
0.0
0.0
0.0
0.0
0.0
0.0
0.0
0.0
0.0
0.0
0.0
0.0
0.0
0.0
0.0
0.0
0.0
0.0
0.0
0.0
0.0
0.0
0.0
0.0
0.0
0.0
0.0
0.0
0.0
0.0
0.0
0.0
0.0
0.0
0.0
0.0
0.0
0.0
0.0
0.0
0.0
0.0
0.0
0.0
0.0
0.0
0.0
0.0
0.0
0.0
0.0
0.0
0.0
0.0
0.0
0.0
0.0
0.0
0.0
0.0
0.0
0.0
0.0
0.0
0.0
0.0
0.0
0.0
0.0
0.0
0.0
0.0
0.0
0.0
0.0
0.0
0.0
0.0
0.0
0.0
0.0
0.0
0.0
0.0
0.0
0.0
0.0
0.0
0.0
0.0
0.0
0.0
0.0
0.0
0.0
0.0
0.0
0.0
0.0
0.0
0.0
0.0
0.0
0.0
0.0
0.0
0.0
0.0
0.0
0.0
0.0
0.0
0.0
0.0
0.0
0.0
0.0
0.0
0.0
0.0
0.0
0.0
0.0
0.0
0.0
0.0
0.0
0.0
0.0
0.0
0.0
0.0
0.0
0.0
0.0
0.0
0.0
0.0
0.0
0.0
0.0
0.0
0.0
0.0
0.0
0.0
0.0
0.0
0.0
0.0
0.0
0.0
0.0
0.0
0.0
0.0
0.0
0.0
0.0
0.0
0.0
0.0
0.0
0.0
0.0
0.0
0.0
0.0
0.0
0.0
0.0
0.0
0.0
0.0
0.0
0.0
0.0
0.0
0.0
0.0
0.0
0.0
0.0
0.0
0.0
0.0
0.0
0.0
0.0
0.0
0.0
0.0
0.0
0.0
0.0
0.0
0.0
0.0
0.0
0.0
0.0
0.0
0.0
0.0
0.0
0.0
0.0
0.0
0.0
0.0
0.0
0.0
0.0
0.0
0.0
0.0
0.0
0.0
0.0
0.0
0.0
0.0
0.0
0.0
0.0
0.0
0.0
0.0
0.0
0.0
0.0
0.0
0.0
0.0
0.0
0.0
0.0
0.0
0.0
0.0
0.0
0.0
0.0
0.0
0.0
0.0
0.0
0.0
0.0
0.0
0.0
0.0
0.0
0.0
0.0
0.0
0.0
0.0
0.0
0.0
0.0
0.0
0.0
0.0
0.0
0.0
0.0
0.0
0.0
0.0
0.0
0.0
0.0
0.0
0.0
0.0
0.0
0.0
0.0
0.0
0.0
0.0
0.0
0.0
0.0
0.0
0.0
0.0
0.0
0.0
0.0
0.0
0.0
0.0
0.0
0.0
0.0
0.0
0.0
0.0
0.0
0.0
0.0
0.0
0.0
0.0
0.0
0.0
0.0
0.0
0.0
0.0
0.0
0.0
0.0
0.0
0.0
0.0
0.0
0.0
0.0
0.0
0.0
0.0
0.0
0.0
0.0
0.0
0.0
0.0
0.0
0.0
0.0
0.0
0.0
0.0
0.0
0.0
0.0
0.0
0.0
0.0
0.0
0.0
0.0
0.0
0.0
0.0
0.0
0.0
0.0
0.0
0.0
0.0
0.0
0.0
0.0
0.0
0.0
0.0
0.0
0.0
0.0
0.0
0.0
0.0
0.0
0.0
0.0
0.0
0.0
0.0
0.0
0.0
0.0
0.0
0.0
0.0
0.0
0.0
0.0
0.0
0.0
0.0
0.0
0.0
0.0
0.0
0.0
0.0
0.0
0.0
0.0
0.0
0.0
0.0
0.0
0.0
0.0
0.0
0.0
0.0
0.0
0.0
0.0
0.0
0.0
0.0
0.0
0.0
0.0
0.0
0.0
0.0
0.0
0.0
0.0
0.0
0.0
0.0
0.0
0.0
0.0
0.0
0.0
0.0
0.0
0.0
0.0
0.0
0.0
0.0
0.0
0.0
0.0
0.0
0.0
0.0
0.0
0.0
0.0
0.0
0.0
0.0
0.0
0.0
0.0
0.0
0.0
0.0
0.0
0.0
0.0
0.0
0.0
0.0
0.0
0.0
0.0
0.0
0.0
0.0
0.0
0.0
0.0
0.0
0.0
0.0
0.0
0.0
0.0
0.0
0.0
0.0
0.0
0.0
0.0
0.0
0.0
0.0
0.0
0.0
0.0
0.0
0.0
0.0
0.0
0.0
0.0
0.0
0.0
0.0
0.0
0.0
0.0
0.0
0.0
0.0
0.0
0.0
0.0
0.0
0.0
0.0
0.0
0.0
0.0
0.0
0.0
0.0
0.0
0.0
0.0
0.0
0.0
0.0
0.0
0.0
0.0
0.0
0.0
0.0
0.0
0.0
0.0
0.0
0.0
0.0
0.0
0.0
0.0
0.0
0.0
0.0
0.0
0.0
0.0
0.0
0.0
0.0
0.0
0.0
0.0
0.0
0.0
0.0
0.0
0.0
0.0
0.0
0.0
0.0
0.0
0.0
0.0
0.0
0.0
0.0
0.0
0.0
0.0
0.0
0.0
0.0
0.0
0.0
0.0
0.0
0.0
0.0
0.0
0.0
0.0
0.0
0.0
0.0
0.0
0.0
0.0
0.0
0.0
0.0
0.0
0.0
0.0
0.0
0.0
0.0
0.0
0.0
0.0
0.0
0.0
0.0
0.0
0.0
0.0
0.0
0.0
0.0
0.0
0.0
0.0
0.0
0.0
0.0
0.0
0.0
0.0
0.0
0.0
0.0
0.0
0.0
0.0
0.0
0.0
0.0
0.0
0.0
0.0
0.0
0.0
0.0
0.0
0.0
0.0
0.0
0.0
0.0
0.0
0.0
0.0
0.0
0.0
0.0
0.0
0.0
0.0
0.0
0.0
0.0
0.0
0.0
0.0
0.0
0.0
0.0
0.0
0.0
0.0
0.0
0.0
0.0
0.0
0.0
0.0
0.0
0.0
0.0
0.0
0.0
0.0
0.0
0.0
0.0
0.0
0.0
0.0
0.0
0.0
0.0
0.0
0.0
0.0
0.0
0.0
0.0
0.0
0.0
0.0
0.0
0.0
0.0
0.0
0.0
0.0
0.0
0.0
0.0
0.0
0.0
0.0
0.0
0.0
0.0
0.0
0.0
0.0
0.0
0.0
0.0
0.0
0.0
0.0
0.0
0.0
0.0
0.0
0.0
0.0
0.0
0.0
0.0
0.0
0.0
0.0
0.0
0.0
0.0
0.0
0.0
0.0
0.0
0.0
0.0
0.0
0.0
0.0
0.0
0.0
0.0
0.0
0.0
0.0
0.0
0.0
0.0
0.0
0.0
0.0
0.0
0.0
0.0
0.0
0.0
0.0
0.0
0.0
0.0
0.0
0.0
0.0
0.0
0.0
0.0
0.0
0.0
0.0
0.0
0.0
0.0
0.0
0.0
0.0
0.0
0.0
0.0
0.0
0.0
0.0
0.0
0.0
0.0
0.0
0.0
