7.6293945E-4
7.6293945E-4
0.0018005371
0.0018005371
0.0028686523
0.0028686523
0.0040283203
0.0040283203
0.0053710938
0.0053710938
0.0068359375
0.0068359375
0.008361816
0.008361816
0.010009766
0.010009766
0.011871338
0.011871338
0.013946533
0.013946533
0.016052246
0.016052246
0.018218994
0.018218994
0.02078247
0.02078247
0.02368164
0.02368164
0.02658081
0.02658081
0.029571533
0.029571533
0.031341553
0.031341553
0.033233643
0.033233643
0.034942627
0.034942627
0.036193848
0.036193848
0.037902832
0.037902832
0.040985107
0.040985107
0.044006348
0.044006348
0.044189453
0.044189453
0.09988403
0.09988403
-0.99050903
-0.99050903
-0.4656067
-0.4656067
0.3270874
0.3270874
-0.9857788
-0.9857788
-0.59088135
-0.59088135
0.87490845
0.87490845
-0.3156128
-0.3156128
-0.9907837
-0.9907837
-0.9580078
-0.9580078
0.91397095
0.91397095
0.89837646
0.89837646
0.4454956
0.4454956
-0.20870972
-0.20870972
-0.6513977
-0.6513977
0.99542236
0.99542236
0.6678772
0.6678772
0.6157532
0.6157532
0.15466309
0.15466309
0.03112793
0.03112793
0.9965515
0.9965515
0.5625
0.5625
0.2770691
0.2770691
-0.5309448
-0.5309448
0.879364
0.879364
0.9108887
0.9108887
-0.52557373
-0.52557373
-0.3666687
-0.3666687
0.5455017
0.5455017
-0.6877136
-0.6877136
-0.5119629
-0.5119629
-0.894989
-0.894989
-0.49221802
-0.49221802
0.07254028
0.07254028
-0.9130249
-0.9130249
-0.72387695
-0.72387695
-0.46063232
-0.46063232
0.61520386
0.61520386
0.22070312
0.22070312
-0.159729
-0.159729
0.2904358
0.2904358
0.44204712
0.44204712
0.9844055
0.9844055
0.4125061
0.4125061
-0.27667236
-0.27667236
-0.28198242
-0.28198242
0.36090088
0.36090088
0.18695068
0.18695068
-0.3595276
-0.3595276
-0.48516846
-0.48516846
0.046051025
0.046051025
0.4432373
0.4432373
0.111816406
0.111816406
-0.21795654
-0.21795654
-0.23904419
-0.23904419
0.005584717
0.005584717
-0.29397583
-0.29397583
-0.5157471
-0.5157471
-0.57891846
-0.57891846
-0.37646484
-0.37646484
-0.26315308
-0.26315308
-0.24377441
-0.24377441
0.0138549805
0.0138549805
0.07962036
0.07962036
0.38638306
0.38638306
0.28240967
0.28240967
0.2746277
0.2746277
0.3954773
0.3954773
0.48388672
0.48388672
0.39352417
0.39352417
0.037322998
0.037322998
-0.0054626465
-0.0054626465
0.06726074
0.06726074
0.081085205
0.081085205
-0.19430542
-0.19430542
-0.34014893
-0.34014893
-0.19729614
-0.19729614
0.05419922
0.05419922
0.010223389
0.010223389
-0.17327881
-0.17327881
-0.18804932
-0.18804932
-0.066986084
-0.066986084
-0.04260254
-0.04260254
-0.27801514
-0.27801514
-0.24093628
-0.24093628
-0.22634888
-0.22634888
-0.06451416
-0.06451416
0.007598877
0.007598877
0.025024414
0.025024414
0.08395386
0.08395386
0.14920044
0.14920044
0.22250366
0.22250366
0.17245483
0.17245483
0.21026611
0.21026611
0.21469116
0.21469116
0.20632935
0.20632935
0.16299438
0.16299438
0.098602295
0.098602295
0.05218506
0.05218506
-0.025665283
-0.025665283
-0.0793457
-0.0793457
-0.18704224
-0.18704224
-0.13452148
-0.13452148
-0.10549927
-0.10549927
-0.09475708
-0.09475708
-0.13717651
-0.13717651
-0.14331055
-0.14331055
-0.059539795
-0.059539795
-0.044769287
-0.044769287
-0.026611328
-0.026611328
-0.041809082
-0.041809082
-0.17184448
-0.17184448
-0.04248047
-0.04248047
0.16357422
0.16357422
0.005432129
0.005432129
0.08816528
0.08816528
0.15057373
0.15057373
0.011169434
0.011169434
0.076538086
0.076538086
0.11035156
0.11035156
-0.0018005371
-0.0018005371
0.10614014
0.10614014
0.09597778
0.09597778
-0.009979248
-0.009979248
0.056396484
0.056396484
0.014801025
0.014801025
-0.071899414
-0.071899414
-0.065093994
-0.065093994
-0.06561279
-0.06561279
-0.056610107
-0.056610107
-0.055908203
-0.055908203
-0.13632202
-0.13632202
-0.08505249
-0.08505249
-0.051513672
-0.051513672
-0.018188477
-0.018188477
0.014465332
0.014465332
0.056793213
0.056793213
0.10284424
0.10284424
0.100250244
0.100250244
0.008026123
0.008026123
0.014099121
0.014099121
0.078186035
0.078186035
0.07543945
0.07543945
0.021453857
0.021453857
0.028289795
0.028289795
0.023406982
0.023406982
0.006439209
0.006439209
0.03527832
0.03527832
-0.07772827
-0.07772827
-0.088256836
-0.088256836
-0.036834717
-0.036834717
-0.07015991
-0.07015991
0.005554199
0.005554199
0.052215576
0.052215576
-0.016235352
-0.016235352
-0.049194336
-0.049194336
-0.08163452
-0.08163452
-0.05718994
-0.05718994
-0.055755615
-0.055755615
-0.07852173
-0.07852173
-0.015258789
-0.015258789
0.019836426
0.019836426
0.04095459
0.04095459
0.124816895
0.124816895
0.09524536
0.09524536
0.08383179
0.08383179
0.06402588
0.06402588
0.022918701
0.022918701
0.023254395
0.023254395
0.012390137
0.012390137
-0.02130127
-0.02130127
-0.012542725
-0.012542725
-0.0029296875
-0.0029296875
-0.05340576
-0.05340576
-0.029541016
-0.029541016
0.041046143
0.041046143
0.010864258
0.010864258
-0.0664978
-0.0664978
-0.03604126
-0.03604126
-0.02230835
-0.02230835
0.00894165
0.00894165
5.187988E-4
5.187988E-4
-0.069732666
-0.069732666
-0.009429932
-0.009429932
-0.09121704
-0.09121704
-0.056640625
-0.056640625
0.03918457
0.03918457
-0.026763916
-0.026763916
0.064697266
0.064697266
0.09118652
0.09118652
0.02267456
0.02267456
0.007965088
0.007965088
0.027740479
0.027740479
0.039276123
0.039276123
-0.008728027
-0.008728027
-0.016204834
-0.016204834
-0.008148193
-0.008148193
-0.0021362305
-0.0021362305
-0.0069274902
-0.0069274902
0.025177002
0.025177002
0.020812988
0.020812988
-0.06982422
-0.06982422
-0.009552002
-0.009552002
0.0033569336
0.0033569336
-0.063812256
-0.063812256
-0.047821045
-0.047821045
0.039520264
0.039520264
-0.0039367676
-0.0039367676
0.030517578
0.030517578
0.050445557
0.050445557
-1.8310547E-4
-1.8310547E-4
0.044311523
0.044311523
-0.0020141602
-0.0020141602
0.08538818
0.08538818
-0.004119873
-0.004119873
-0.06863403
-0.06863403
0.059692383
0.059692383
-0.061187744
-0.061187744
0.036346436
0.036346436
0.043029785
0.043029785
0.024871826
0.024871826
0.055603027
0.055603027
0.051483154
0.051483154
-0.018005371
-0.018005371
-0.08972168
-0.08972168
-0.07775879
-0.07775879
-0.10559082
-0.10559082
-0.0038452148
-0.0038452148
0.07537842
0.07537842
0.022369385
0.022369385
0.013122559
0.013122559
-0.007293701
-0.007293701
-0.031280518
-0.031280518
-0.017913818
-0.017913818
-0.0680542
-0.0680542
0.015106201
0.015106201
0.05340576
0.05340576
0.04788208
0.04788208
0.017181396
0.017181396
0.022399902
0.022399902
0.0030212402
0.0030212402
0.0011291504
0.0011291504
0.0119018555
0.0119018555
-0.012145996
-0.012145996
-0.008026123
-0.008026123
-0.0022888184
-0.0022888184
-0.0067749023
-0.0067749023
-0.031463623
-0.031463623
-0.01687622
-0.01687622
-0.019470215
-0.019470215
0.026428223
0.026428223
0.02947998
0.02947998
-0.030975342
-0.030975342
0.013000488
0.013000488
-0.008270264
-0.008270264
-0.07394409
-0.07394409
0.004425049
0.004425049
0.031341553
0.031341553
-0.032073975
-0.032073975
0.020568848
0.020568848
-0.0335083
-0.0335083
0.020477295
0.020477295
0.014312744
0.014312744
0.01940918
0.01940918
0.026062012
0.026062012
0.011566162
0.011566162
-0.005584717
-0.005584717
-0.0030822754
-0.0030822754
0.031280518
0.031280518
0.04107666
0.04107666
-0.014801025
-0.014801025
0.009185791
0.009185791
0.031829834
0.031829834
-0.041870117
-0.041870117
0.018249512
0.018249512
-0.0050964355
-0.0050964355
-0.011108398
-0.011108398
0.005340576
0.005340576
-0.030792236
-0.030792236
0.03869629
0.03869629
8.8500977E-4
8.8500977E-4
-0.018829346
-0.018829346
0.0077819824
0.0077819824
0.011566162
0.011566162
-0.024810791
-0.024810791
-0.014709473
-0.014709473
0.051208496
0.051208496
0.009735107
0.009735107
-0.026672363
-0.026672363
-0.005706787
-0.005706787
-0.006652832
-0.006652832
-0.021453857
-0.021453857
0.014251709
0.014251709
0.021636963
0.021636963
-0.011657715
-0.011657715
0.0054016113
0.0054016113
0.015625
0.015625
0.014892578
0.014892578
-0.036346436
-0.036346436
-0.010131836
-0.010131836
-0.04977417
-0.04977417
-0.023925781
-0.023925781
0.008270264
0.008270264
-0.03744507
-0.03744507
0.027282715
0.027282715
4.8828125E-4
4.8828125E-4
0.0015258789
0.0015258789
0.03250122
0.03250122
-0.007171631
-0.007171631
-0.028137207
-0.028137207
0.032562256
0.032562256
-0.06832886
-0.06832886
-0.02999878
-0.02999878
0.025665283
0.025665283
-0.008026123
-0.008026123
0.036865234
0.036865234
-0.0054016113
-0.0054016113
-0.01687622
-0.01687622
0.01763916
0.01763916
-0.049194336
-0.049194336
0.022888184
0.022888184
0.021697998
0.021697998
-0.025146484
-0.025146484
-0.010925293
-0.010925293
0.017181396
0.017181396
-0.005706787
-0.005706787
-0.017852783
-0.017852783
-7.019043E-4
-7.019043E-4
0.026794434
0.026794434
0.007171631
0.007171631
-0.01687622
-0.01687622
-0.022033691
-0.022033691
-0.018585205
-0.018585205
0.016479492
0.016479492
0.010375977
0.010375977
0.0026550293
0.0026550293
-0.034210205
-0.034210205
-0.023132324
-0.023132324
0.0021362305
0.0021362305
-0.029815674
-0.029815674
-0.0033569336
-0.0033569336
0.012664795
0.012664795
0.016998291
0.016998291
0.031188965
0.031188965
0.009765625
0.009765625
-0.018981934
-0.018981934
-0.040618896
-0.040618896
-0.0052490234
-0.0052490234
0.004272461
0.004272461
-0.0021972656
-0.0021972656
0.011291504
0.011291504
0.01940918
0.01940918
0.013916016
0.013916016
-0.004425049
-0.004425049
0.00982666
0.00982666
-0.025299072
-0.025299072
-0.04156494
-0.04156494
-0.012481689
-0.012481689
0.0044555664
0.0044555664
0.011383057
0.011383057
0.013977051
0.013977051
0.021606445
0.021606445
-0.004272461
-0.004272461
0.0049438477
0.0049438477
0.0018005371
0.0018005371
-0.04675293
-0.04675293
0.0035705566
0.0035705566
0.0021362305
0.0021362305
-0.011260986
-0.011260986
0.027252197
0.027252197
0.01626587
0.01626587
0.015625
0.015625
0.011199951
0.011199951
0.0032653809
0.0032653809
-0.012390137
-0.012390137
-0.023651123
-0.023651123
0.00390625
0.00390625
-0.014038086
-0.014038086
-0.026733398
-0.026733398
0.0020446777
0.0020446777
-0.001159668
-0.001159668
0.019561768
0.019561768
0.03704834
0.03704834
0.022766113
0.022766113
3.3569336E-4
3.3569336E-4
0.001373291
0.001373291
-0.020935059
-0.020935059
-0.023651123
-0.023651123
-0.012786865
-0.012786865
0.0012207031
0.0012207031
0.021453857
0.021453857
0.027191162
0.027191162
0.010070801
0.010070801
0.010681152
0.010681152
-0.0038757324
-0.0038757324
0.0026855469
0.0026855469
-0.00982666
-0.00982666
-0.020629883
-0.020629883
0.0152282715
0.0152282715
-0.008972168
-0.008972168
0.015655518
0.015655518
0.009063721
0.009063721
-0.0057678223
-0.0057678223
0.0048828125
0.0048828125
-0.008178711
-0.008178711
-0.0010986328
-0.0010986328
0.004180908
0.004180908
-0.0020751953
-0.0020751953
0.0074768066
0.0074768066
-0.005493164
-0.005493164
0.013702393
0.013702393
0.0019836426
0.0019836426
9.1552734E-4
9.1552734E-4
0.012756348
0.012756348
-0.006866455
-0.006866455
-9.1552734E-4
-9.1552734E-4
0.0021972656
0.0021972656
-0.0018005371
-0.0018005371
-0.009674072
-0.009674072
0.004425049
0.004425049
0.011260986
0.011260986
-8.544922E-4
-8.544922E-4
0.011993408
0.011993408
-0.005493164
-0.005493164
-0.012481689
-0.012481689
0.0047302246
0.0047302246
-0.0074157715
-0.0074157715
-0.0063476562
-0.0063476562
0.003540039
0.003540039
-0.005340576
-0.005340576
0.008392334
0.008392334
0.00390625
0.00390625
-8.239746E-4
-8.239746E-4
0.013397217
0.013397217
-0.004852295
-0.004852295
-0.012939453
-0.012939453
-0.0076293945
-0.0076293945
1.2207031E-4
1.2207031E-4
-0.0039978027
-0.0039978027
0.010009766
0.010009766
0.006164551
0.006164551
0.0048217773
0.0048217773
0.0037841797
0.0037841797
-0.0013427734
-0.0013427734
0.002532959
0.002532959
-0.0037841797
-0.0037841797
-0.0010986328
-0.0010986328
-0.010650635
-0.010650635
0.0038757324
0.0038757324
-0.008758545
-0.008758545
-0.007873535
-0.007873535
-0.010284424
-0.010284424
-0.002532959
-0.002532959
0.017578125
0.017578125
0.0043945312
0.0043945312
0.014343262
0.014343262
0.013793945
0.013793945
0.0019226074
0.0019226074
0.0015869141
0.0015869141
0.0012512207
0.0012512207
-0.00982666
-0.00982666
-0.0026855469
-0.0026855469
0.0039367676
0.0039367676
-0.001373291
-0.001373291
0.008117676
0.008117676
-0.0067443848
-0.0067443848
-0.010101318
-0.010101318
-0.005706787
-0.005706787
-0.013305664
-0.013305664
-0.0074768066
-0.0074768066
0.0022583008
0.0022583008
0.005065918
0.005065918
0.014587402
0.014587402
0.017730713
0.017730713
0.0058898926
0.0058898926
0.002380371
0.002380371
-0.007843018
-0.007843018
-0.011749268
-0.011749268
-0.006439209
-0.006439209
0.0018005371
0.0018005371
-0.0024108887
-0.0024108887
0.009460449
0.009460449
0.0066223145
0.0066223145
0.0113220215
0.0113220215
0.004333496
0.004333496
-0.006378174
-0.006378174
-7.6293945E-4
-7.6293945E-4
3.0517578E-5
3.0517578E-5
-0.0014648438
-0.0014648438
-0.0032348633
-0.0032348633
-0.0043640137
-0.0043640137
-2.1362305E-4
-2.1362305E-4
0.001373291
0.001373291
0.0027160645
0.0027160645
2.1362305E-4
2.1362305E-4
0.0068359375
0.0068359375
-0.0020141602
-0.0020141602
-2.746582E-4
-2.746582E-4
0.007293701
0.007293701
-0.0041503906
-0.0041503906
0.0014953613
0.0014953613
0.0069885254
0.0069885254
-0.00579834
-0.00579834
0.011810303
0.011810303
0.010284424
0.010284424
0.002532959
0.002532959
-6.1035156E-4
-6.1035156E-4
-0.0010681152
-0.0010681152
-0.0040283203
-0.0040283203
-0.0070495605
-0.0070495605
-0.0044555664
-0.0044555664
-0.0038146973
-0.0038146973
-7.6293945E-4
-7.6293945E-4
-0.0076904297
-0.0076904297
-2.746582E-4
-2.746582E-4
0.0019836426
0.0019836426
-0.005584717
-0.005584717
-0.0010681152
-0.0010681152
-5.187988E-4
-5.187988E-4
0.0025024414
0.0025024414
-0.0047912598
-0.0047912598
3.3569336E-4
3.3569336E-4
0.008758545
0.008758545
-0.0059814453
-0.0059814453
0.0012207031
0.0012207031
0.0035705566
0.0035705566
0.002380371
0.002380371
-0.0028686523
-0.0028686523
0.0029296875
0.0029296875
0.0025634766
0.0025634766
-0.0012512207
-0.0012512207
-0.0068969727
-0.0068969727
-0.009094238
-0.009094238
-0.0028076172
-0.0028076172
-0.011444092
-0.011444092
-0.0071411133
-0.0071411133
-0.0017089844
-0.0017089844
0.0025024414
0.0025024414
-0.0049743652
-0.0049743652
-0.0069274902
-0.0069274902
-0.002960205
-0.002960205
-0.009094238
-0.009094238
-0.00793457
-0.00793457
-0.0045776367
-0.0045776367
6.1035156E-5
6.1035156E-5
1.8310547E-4
1.8310547E-4
-0.0022583008
-0.0022583008
0.0032348633
0.0032348633
-0.0014038086
-0.0014038086
-0.0038146973
-0.0038146973
-0.0022583008
-0.0022583008
0.009552002
0.009552002
-0.0011291504
-0.0011291504
-0.0026550293
-0.0026550293
0.0033874512
0.0033874512
-0.0053100586
-0.0053100586
-6.1035156E-5
-6.1035156E-5
0.0032043457
0.0032043457
3.0517578E-4
3.0517578E-4
-0.0027770996
-0.0027770996
-8.8500977E-4
-8.8500977E-4
-0.005645752
-0.005645752
-0.0036315918
-0.0036315918
-0.0012207031
-0.0012207031
-0.0012817383
-0.0012817383
-7.6293945E-4
-7.6293945E-4
-1.5258789E-4
-1.5258789E-4
-0.0024414062
-0.0024414062
-0.006958008
-0.006958008
0.0038757324
0.0038757324
-0.008728027
-0.008728027
-0.0025939941
-0.0025939941
9.1552734E-5
9.1552734E-5
-0.0045776367
-0.0045776367
5.187988E-4
5.187988E-4
0.004119873
0.004119873
1.2207031E-4
1.2207031E-4
-5.493164E-4
-5.493164E-4
7.324219E-4
7.324219E-4
-1.5258789E-4
-1.5258789E-4
-0.0027160645
-0.0027160645
5.79834E-4
5.79834E-4
-0.004180908
-0.004180908
0.005126953
0.005126953
0.0057678223
0.0057678223
-0.0022583008
-0.0022583008
0.0053100586
0.0053100586
0.001373291
0.001373291
-0.0065612793
-0.0065612793
0.0031738281
0.0031738281
-0.0036315918
-0.0036315918
0.0028686523
0.0028686523
0.0054016113
0.0054016113
9.1552734E-4
9.1552734E-4
0.006958008
0.006958008
-0.0014343262
-0.0014343262
0.001953125
0.001953125
0.009857178
0.009857178
0.0010986328
0.0010986328
0.0019226074
0.0019226074
0.0026550293
0.0026550293
-5.187988E-4
-5.187988E-4
0.00390625
0.00390625
-0.002380371
-0.002380371
0.004699707
0.004699707
0.0037841797
0.0037841797
-0.0033874512
-0.0033874512
0.004180908
0.004180908
3.0517578E-5
3.0517578E-5
0.0038757324
0.0038757324
0.008422852
0.008422852
0.0027160645
0.0027160645
0.0022583008
0.0022583008
0.0032348633
0.0032348633
-0.0032348633
-0.0032348633
0.005645752
0.005645752
-0.0012512207
-0.0012512207
-0.0040893555
-0.0040893555
0.007843018
0.007843018
0.0031433105
0.0031433105
-4.8828125E-4
-4.8828125E-4
0.0067443848
0.0067443848
-5.79834E-4
-5.79834E-4
0.00894165
0.00894165
-1.8310547E-4
-1.8310547E-4
7.6293945E-4
7.6293945E-4
0.0056152344
0.0056152344
0.0010986328
0.0010986328
0.006958008
0.006958008
-0.0014343262
-0.0014343262
-0.0011901855
-0.0011901855
-0.002319336
-0.002319336
-0.0068969727
-0.0068969727
-0.0031738281
-0.0031738281
-0.006134033
-0.006134033
-0.001373291
-0.001373291
0.012237549
0.012237549
0.007537842
0.007537842
0.0036315918
0.0036315918
-0.0016479492
-0.0016479492
-0.010314941
-0.010314941
-0.0054626465
-0.0054626465
-0.0028686523
-0.0028686523
-0.0058288574
-0.0058288574
0.006134033
0.006134033
4.5776367E-4
4.5776367E-4
7.9345703E-4
7.9345703E-4
0.00390625
0.00390625
-0.00390625
-0.00390625
0.0057373047
0.0057373047
0.00390625
0.00390625
0.0041503906
0.0041503906
0.010284424
0.010284424
0.005340576
0.005340576
0.0043640137
0.0043640137
3.0517578E-5
3.0517578E-5
0.0028076172
0.0028076172
0.0014648438
0.0014648438
-0.003692627
-0.003692627
-0.004058838
-0.004058838
-0.008270264
-0.008270264
-0.009765625
-0.009765625
-0.0026855469
-0.0026855469
-0.005279541
-0.005279541
-0.004547119
-0.004547119
7.019043E-4
7.019043E-4
-0.0029907227
-0.0029907227
0.00592041
0.00592041
0.0039367676
0.0039367676
3.3569336E-4
3.3569336E-4
-3.6621094E-4
-3.6621094E-4
-0.0052490234
-0.0052490234
1.5258789E-4
1.5258789E-4
-0.0040283203
-0.0040283203
-0.006378174
-0.006378174
7.324219E-4
7.324219E-4
-0.0019226074
-0.0019226074
-0.0014648438
-0.0014648438
0.0012207031
0.0012207031
0.0035095215
0.0035095215
0.0061950684
0.0061950684
0.0058288574
0.0058288574
0.0044555664
0.0044555664
0.0030212402
0.0030212402
-0.002105713
-0.002105713
-0.003540039
-0.003540039
-0.00390625
-0.00390625
-0.0048217773
-0.0048217773
-0.0024414062
-0.0024414062
-6.713867E-4
-6.713867E-4
-0.0034179688
-0.0034179688
5.79834E-4
5.79834E-4
0.0016174316
0.0016174316
0.002960205
0.002960205
0.0057373047
0.0057373047
0.0032958984
0.0032958984
0.0046691895
0.0046691895
0.004333496
0.004333496
0.005554199
0.005554199
0.0029907227
0.0029907227
-0.0015869141
-0.0015869141
3.0517578E-4
3.0517578E-4
-0.0041503906
-0.0041503906
-0.0055236816
-0.0055236816
-0.0032958984
-0.0032958984
-0.005432129
-0.005432129
9.1552734E-5
9.1552734E-5
0.0027160645
0.0027160645
0.0041503906
0.0041503906
0.0053100586
0.0053100586
0.0036621094
0.0036621094
0.0028686523
0.0028686523
5.187988E-4
5.187988E-4
-1.8310547E-4
-1.8310547E-4
-0.0012817383
-0.0012817383
-4.8828125E-4
-4.8828125E-4
-0.0025634766
-0.0025634766
-3.0517578E-4
-3.0517578E-4
6.1035156E-4
6.1035156E-4
0.001159668
0.001159668
0.0049438477
0.0049438477
0.0014038086
0.0014038086
2.1362305E-4
2.1362305E-4
0.0032653809
0.0032653809
3.3569336E-4
3.3569336E-4
2.1362305E-4
2.1362305E-4
0.002532959
0.002532959
0.0016479492
0.0016479492
0.0055236816
0.0055236816
0.002166748
0.002166748
-0.002319336
-0.002319336
-0.0014038086
-0.0014038086
-0.0010070801
-0.0010070801
-8.544922E-4
-8.544922E-4
0.0015563965
0.0015563965
0.002105713
0.002105713
0.0027160645
0.0027160645
0.0041503906
0.0041503906
0.0015258789
0.0015258789
0.0016174316
0.0016174316
4.5776367E-4
4.5776367E-4
-9.460449E-4
-9.460449E-4
-4.5776367E-4
-4.5776367E-4
-5.493164E-4
-5.493164E-4
0.001159668
0.001159668
0.001953125
0.001953125
5.187988E-4
5.187988E-4
-5.187988E-4
-5.187988E-4
-0.0012512207
-0.0012512207
-0.0012207031
-0.0012207031
7.019043E-4
7.019043E-4
-6.4086914E-4
-6.4086914E-4
-3.9672852E-4
-3.9672852E-4
-0.0013427734
-0.0013427734
-0.0020141602
-0.0020141602
-0.0016174316
-0.0016174316
-0.005645752
-0.005645752
-0.005645752
-0.005645752
-0.0051879883
-0.0051879883
-0.004852295
-0.004852295
-0.0013427734
-0.0013427734
-3.6621094E-4
-3.6621094E-4
-5.187988E-4
-5.187988E-4
-5.493164E-4
-5.493164E-4
-9.1552734E-4
-9.1552734E-4
-0.0019226074
-0.0019226074
-9.765625E-4
-9.765625E-4
-5.493164E-4
-5.493164E-4
-7.9345703E-4
-7.9345703E-4
2.746582E-4
2.746582E-4
-8.239746E-4
-8.239746E-4
-4.272461E-4
-4.272461E-4
-0.0015258789
-0.0015258789
-0.0010681152
-0.0010681152
-0.0015258789
-0.0015258789
-0.002960205
-0.002960205
-0.0023498535
-0.0023498535
-0.0019836426
-0.0019836426
-0.0016174316
-0.0016174316
-3.3569336E-4
-3.3569336E-4
-4.272461E-4
-4.272461E-4
-0.0010986328
-0.0010986328
-0.002166748
-0.002166748
-0.0014038086
-0.0014038086
-0.0012512207
-0.0012512207
-0.002166748
-0.002166748
-6.1035156E-4
-6.1035156E-4
-0.0015563965
-0.0015563965
-0.0010986328
-0.0010986328
3.9672852E-4
3.9672852E-4
-8.8500977E-4
-8.8500977E-4
-6.1035156E-5
-6.1035156E-5
0.0012207031
0.0012207031
-2.746582E-4
-2.746582E-4
-2.4414062E-4
-2.4414062E-4
-3.9672852E-4
-3.9672852E-4
-2.1362305E-4
-2.1362305E-4
-3.6621094E-4
-3.6621094E-4
-0.0020141602
-0.0020141602
-0.0017700195
-0.0017700195
-0.002532959
-0.002532959
-0.0036315918
-0.0036315918
-0.002960205
-0.002960205
-0.0028076172
-0.0028076172
-0.003540039
-0.003540039
-0.0024719238
-0.0024719238
-0.0012207031
-0.0012207031
-0.0016174316
-0.0016174316
-0.002166748
-0.002166748
-0.0015869141
-0.0015869141
-0.0020751953
-0.0020751953
-0.0020751953
-0.0020751953
-0.0016784668
-0.0016784668
-0.0029296875
-0.0029296875
-0.0018615723
-0.0018615723
-0.0016174316
-0.0016174316
-0.0014038086
-0.0014038086
-9.765625E-4
-9.765625E-4
-6.4086914E-4
-6.4086914E-4
5.79834E-4
5.79834E-4
-2.4414062E-4
-2.4414062E-4
-9.1552734E-5
-9.1552734E-5
-2.746582E-4
-2.746582E-4
0.0
0.0
4.8828125E-4
4.8828125E-4
5.79834E-4
5.79834E-4
5.493164E-4
5.493164E-4
0.001159668
0.001159668
0.0015869141
0.0015869141
0.0013427734
0.0013427734
0.0016784668
0.0016784668
0.0017700195
0.0017700195
0.0018920898
0.0018920898
0.0023498535
0.0023498535
0.0027160645
0.0027160645
0.0026550293
0.0026550293
0.0031738281
0.0031738281
0.0031433105
0.0031433105
0.0030822754
0.0030822754
0.0036010742
0.0036010742
0.0031433105
0.0031433105
0.0028381348
0.0028381348
0.0033874512
0.0033874512
0.0038452148
0.0038452148
0.0043945312
0.0043945312
0.0045776367
0.0045776367
0.0038452148
0.0038452148
0.004058838
0.004058838
0.0034484863
0.0034484863
0.0036010742
0.0036010742
0.0032653809
0.0032653809
0.003112793
0.003112793
0.003540039
0.003540039
0.002105713
0.002105713
0.0019226074
0.0019226074
0.0018920898
0.0018920898
0.0014038086
0.0014038086
8.8500977E-4
8.8500977E-4
0.0011291504
0.0011291504
7.9345703E-4
7.9345703E-4
3.3569336E-4
3.3569336E-4
2.4414062E-4
2.4414062E-4
2.746582E-4
2.746582E-4
6.1035156E-5
6.1035156E-5
-2.1362305E-4
-2.1362305E-4
-9.1552734E-5
-9.1552734E-5
-4.272461E-4
-4.272461E-4
-3.3569336E-4
-3.3569336E-4
-8.239746E-4
-8.239746E-4
-0.0011291504
-0.0011291504
-7.324219E-4
-7.324219E-4
-0.0012207031
-0.0012207031
-0.0010070801
-0.0010070801
-7.6293945E-4
-7.6293945E-4
-0.0012817383
-0.0012817383
-0.0011291504
-0.0011291504
-9.1552734E-4
-9.1552734E-4
-9.1552734E-4
-9.1552734E-4
-5.79834E-4
-5.79834E-4
-7.324219E-4
-7.324219E-4
-8.544922E-4
-8.544922E-4
-7.324219E-4
-7.324219E-4
-7.324219E-4
-7.324219E-4
-0.0012207031
-0.0012207031
-0.0010375977
-0.0010375977
-9.1552734E-4
-9.1552734E-4
-7.6293945E-4
-7.6293945E-4
-6.1035156E-4
-6.1035156E-4
-5.493164E-4
-5.493164E-4
-1.2207031E-4
-1.2207031E-4
1.8310547E-4
1.8310547E-4
1.5258789E-4
1.5258789E-4
1.2207031E-4
1.2207031E-4
-1.2207031E-4
-1.2207031E-4
-6.1035156E-4
-6.1035156E-4
-6.1035156E-4
-6.1035156E-4
-3.6621094E-4
-3.6621094E-4
-6.1035156E-4
-6.1035156E-4
-1.8310547E-4
-1.8310547E-4
-6.1035156E-4
-6.1035156E-4
-3.9672852E-4
-3.9672852E-4
-6.1035156E-5
-6.1035156E-5
-2.746582E-4
-2.746582E-4
-2.1362305E-4
-2.1362305E-4
-7.019043E-4
-7.019043E-4
-7.9345703E-4
-7.9345703E-4
-5.187988E-4
-5.187988E-4
-8.239746E-4
-8.239746E-4
-7.9345703E-4
-7.9345703E-4
-7.9345703E-4
-7.9345703E-4
-5.493164E-4
-5.493164E-4
-3.9672852E-4
-3.9672852E-4
-4.8828125E-4
-4.8828125E-4
-6.713867E-4
-6.713867E-4
-5.493164E-4
-5.493164E-4
-6.1035156E-4
-6.1035156E-4
-6.1035156E-4
-6.1035156E-4
-7.019043E-4
-7.019043E-4
-7.019043E-4
-7.019043E-4
-4.5776367E-4
-4.5776367E-4
-6.4086914E-4
-6.4086914E-4
-4.8828125E-4
-4.8828125E-4
-4.8828125E-4
-4.8828125E-4
-4.8828125E-4
-4.8828125E-4
-3.9672852E-4
-3.9672852E-4
-4.272461E-4
-4.272461E-4
-5.79834E-4
-5.79834E-4
-2.746582E-4
-2.746582E-4
-3.3569336E-4
-3.3569336E-4
-2.4414062E-4
-2.4414062E-4
-3.6621094E-4
-3.6621094E-4
-4.272461E-4
-4.272461E-4
-3.0517578E-4
-3.0517578E-4
-2.4414062E-4
-2.4414062E-4
-1.8310547E-4
-1.8310547E-4
-9.1552734E-5
-9.1552734E-5
6.1035156E-5
6.1035156E-5
1.8310547E-4
1.8310547E-4
9.1552734E-5
9.1552734E-5
3.0517578E-5
3.0517578E-5
3.0517578E-5
3.0517578E-5
3.0517578E-5
3.0517578E-5
1.8310547E-4
1.8310547E-4
1.5258789E-4
1.5258789E-4
0.0
0.0
1.2207031E-4
1.2207031E-4
1.2207031E-4
1.2207031E-4
1.2207031E-4
1.2207031E-4
1.5258789E-4
1.5258789E-4
2.746582E-4
2.746582E-4
4.5776367E-4
4.5776367E-4
3.9672852E-4
3.9672852E-4
2.746582E-4
2.746582E-4
2.1362305E-4
2.1362305E-4
3.6621094E-4
3.6621094E-4
3.0517578E-4
3.0517578E-4
1.8310547E-4
1.8310547E-4
1.5258789E-4
1.5258789E-4
2.4414062E-4
2.4414062E-4
2.746582E-4
2.746582E-4
2.4414062E-4
2.4414062E-4
3.3569336E-4
3.3569336E-4
4.5776367E-4
4.5776367E-4
4.272461E-4
4.272461E-4
2.4414062E-4
2.4414062E-4
2.1362305E-4
2.1362305E-4
2.1362305E-4
2.1362305E-4
1.8310547E-4
1.8310547E-4
2.746582E-4
2.746582E-4
2.1362305E-4
2.1362305E-4
2.4414062E-4
2.4414062E-4
2.746582E-4
2.746582E-4
3.0517578E-4
3.0517578E-4
3.3569336E-4
3.3569336E-4
3.3569336E-4
3.3569336E-4
3.0517578E-4
3.0517578E-4
3.9672852E-4
3.9672852E-4
3.0517578E-4
3.0517578E-4
1.8310547E-4
1.8310547E-4
1.2207031E-4
1.2207031E-4
2.1362305E-4
2.1362305E-4
3.0517578E-4
3.0517578E-4
2.1362305E-4
2.1362305E-4
1.8310547E-4
1.8310547E-4
2.1362305E-4
2.1362305E-4
3.9672852E-4
3.9672852E-4
2.746582E-4
2.746582E-4
3.0517578E-4
3.0517578E-4
2.746582E-4
2.746582E-4
3.6621094E-4
3.6621094E-4
2.4414062E-4
2.4414062E-4
1.2207031E-4
1.2207031E-4
1.8310547E-4
1.8310547E-4
1.8310547E-4
1.8310547E-4
2.4414062E-4
2.4414062E-4
9.1552734E-5
9.1552734E-5
6.1035156E-5
6.1035156E-5
1.2207031E-4
1.2207031E-4
1.2207031E-4
1.2207031E-4
9.1552734E-5
9.1552734E-5
1.2207031E-4
1.2207031E-4
1.5258789E-4
1.5258789E-4
1.5258789E-4
1.5258789E-4
3.0517578E-5
3.0517578E-5
3.0517578E-5
3.0517578E-5
0.0
0.0
3.0517578E-5
3.0517578E-5
-3.0517578E-5
-3.0517578E-5
0.0
0.0
-3.0517578E-5
-3.0517578E-5
-3.0517578E-5
-3.0517578E-5
6.1035156E-5
6.1035156E-5
0.0
0.0
0.0
0.0
-6.1035156E-5
-6.1035156E-5
-6.1035156E-5
-6.1035156E-5
-1.5258789E-4
-1.5258789E-4
-1.5258789E-4
-1.5258789E-4
-1.2207031E-4
-1.2207031E-4
-2.746582E-4
-2.746582E-4
-9.1552734E-5
-9.1552734E-5
-1.8310547E-4
-1.8310547E-4
-1.2207031E-4
-1.2207031E-4
-1.5258789E-4
-1.5258789E-4
-2.1362305E-4
-2.1362305E-4
-1.5258789E-4
-1.5258789E-4
-1.8310547E-4
-1.8310547E-4
-1.8310547E-4
-1.8310547E-4
-2.1362305E-4
-2.1362305E-4
-2.746582E-4
-2.746582E-4
-2.1362305E-4
-2.1362305E-4
-3.3569336E-4
-3.3569336E-4
-3.6621094E-4
-3.6621094E-4
-3.3569336E-4
-3.3569336E-4
-3.3569336E-4
-3.3569336E-4
-3.0517578E-4
-3.0517578E-4
-3.0517578E-4
-3.0517578E-4
-3.0517578E-4
-3.0517578E-4
-2.4414062E-4
-2.4414062E-4
-2.4414062E-4
-2.4414062E-4
-2.746582E-4
-2.746582E-4
-2.1362305E-4
-2.1362305E-4
-1.2207031E-4
-1.2207031E-4
-1.2207031E-4
-1.2207031E-4
-1.5258789E-4
-1.5258789E-4
-1.5258789E-4
-1.5258789E-4
0.0
0.0
0.0
0.0
0.0
0.0
0.0
0.0
0.0
0.0
9.1552734E-5
9.1552734E-5
1.2207031E-4
1.2207031E-4
1.8310547E-4
1.8310547E-4
2.4414062E-4
2.4414062E-4
2.1362305E-4
2.1362305E-4
2.746582E-4
2.746582E-4
2.746582E-4
2.746582E-4
3.0517578E-4
3.0517578E-4
2.4414062E-4
2.4414062E-4
3.0517578E-4
3.0517578E-4
2.746582E-4
2.746582E-4
3.3569336E-4
3.3569336E-4
3.6621094E-4
3.6621094E-4
3.9672852E-4
3.9672852E-4
4.5776367E-4
4.5776367E-4
4.8828125E-4
4.8828125E-4
3.9672852E-4
3.9672852E-4
4.272461E-4
4.272461E-4
4.5776367E-4
4.5776367E-4
3.9672852E-4
3.9672852E-4
3.6621094E-4
3.6621094E-4
3.6621094E-4
3.6621094E-4
3.9672852E-4
3.9672852E-4
3.9672852E-4
3.9672852E-4
3.3569336E-4
3.3569336E-4
3.0517578E-4
3.0517578E-4
2.746582E-4
2.746582E-4
1.5258789E-4
1.5258789E-4
9.1552734E-5
9.1552734E-5
6.1035156E-5
6.1035156E-5
0.0
0.0
-3.0517578E-5
-3.0517578E-5
0.0
0.0
0.0
0.0
-6.1035156E-5
-6.1035156E-5
-1.5258789E-4
-1.5258789E-4
-1.5258789E-4
-1.5258789E-4
-2.746582E-4
-2.746582E-4
-1.8310547E-4
-1.8310547E-4
-2.746582E-4
-2.746582E-4
-2.1362305E-4
-2.1362305E-4
-2.4414062E-4
-2.4414062E-4
-2.746582E-4
-2.746582E-4
-2.746582E-4
-2.746582E-4
-2.746582E-4
-2.746582E-4
-2.746582E-4
-2.746582E-4
-3.0517578E-4
-3.0517578E-4
-3.0517578E-4
-3.0517578E-4
-3.3569336E-4
-3.3569336E-4
-3.3569336E-4
-3.3569336E-4
-3.3569336E-4
-3.3569336E-4
-3.6621094E-4
-3.6621094E-4
-3.9672852E-4
-3.9672852E-4
-3.9672852E-4
-3.9672852E-4
-5.187988E-4
-5.187988E-4
-4.5776367E-4
-4.5776367E-4
-4.5776367E-4
-4.5776367E-4
-4.8828125E-4
-4.8828125E-4
-4.5776367E-4
-4.5776367E-4
-4.5776367E-4
-4.5776367E-4
-4.272461E-4
-4.272461E-4
-3.9672852E-4
-3.9672852E-4
-3.9672852E-4
-3.9672852E-4
-4.272461E-4
-4.272461E-4
-3.6621094E-4
-3.6621094E-4
-3.6621094E-4
-3.6621094E-4
-3.6621094E-4
-3.6621094E-4
-3.3569336E-4
-3.3569336E-4
-3.0517578E-4
-3.0517578E-4
-3.0517578E-4
-3.0517578E-4
-2.4414062E-4
-2.4414062E-4
-2.1362305E-4
-2.1362305E-4
-2.1362305E-4
-2.1362305E-4
-2.1362305E-4
-2.1362305E-4
-1.5258789E-4
-1.5258789E-4
-1.2207031E-4
-1.2207031E-4
-9.1552734E-5
-9.1552734E-5
-9.1552734E-5
-9.1552734E-5
-9.1552734E-5
-9.1552734E-5
0.0
0.0
-3.0517578E-5
-3.0517578E-5
0.0
0.0
6.1035156E-5
6.1035156E-5
6.1035156E-5
6.1035156E-5
1.2207031E-4
1.2207031E-4
1.5258789E-4
1.5258789E-4
2.1362305E-4
2.1362305E-4
2.4414062E-4
2.4414062E-4
1.8310547E-4
1.8310547E-4
2.1362305E-4
2.1362305E-4
2.4414062E-4
2.4414062E-4
2.746582E-4
2.746582E-4
2.4414062E-4
2.4414062E-4
1.8310547E-4
1.8310547E-4
2.1362305E-4
2.1362305E-4
2.1362305E-4
2.1362305E-4
2.1362305E-4
2.1362305E-4
1.5258789E-4
1.5258789E-4
1.5258789E-4
1.5258789E-4
1.2207031E-4
1.2207031E-4
9.1552734E-5
9.1552734E-5
6.1035156E-5
6.1035156E-5
3.0517578E-5
3.0517578E-5
3.0517578E-5
3.0517578E-5
0.0
0.0
0.0
0.0
-3.0517578E-5
-3.0517578E-5
-3.0517578E-5
-3.0517578E-5
-6.1035156E-5
-6.1035156E-5
-3.0517578E-5
-3.0517578E-5
-6.1035156E-5
-6.1035156E-5
-9.1552734E-5
-9.1552734E-5
-3.0517578E-5
-3.0517578E-5
-3.0517578E-5
-3.0517578E-5
-3.0517578E-5
-3.0517578E-5
-3.0517578E-5
-3.0517578E-5
-3.0517578E-5
-3.0517578E-5
0.0
0.0
0.0
0.0
0.0
0.0
0.0
0.0
0.0
0.0
3.0517578E-5
3.0517578E-5
3.0517578E-5
3.0517578E-5
6.1035156E-5
6.1035156E-5
6.1035156E-5
6.1035156E-5
9.1552734E-5
9.1552734E-5
1.2207031E-4
1.2207031E-4
9.1552734E-5
9.1552734E-5
9.1552734E-5
9.1552734E-5
1.2207031E-4
1.2207031E-4
1.2207031E-4
1.2207031E-4
1.8310547E-4
1.8310547E-4
1.2207031E-4
1.2207031E-4
1.5258789E-4
1.5258789E-4
1.8310547E-4
1.8310547E-4
2.1362305E-4
2.1362305E-4
2.1362305E-4
2.1362305E-4
1.8310547E-4
1.8310547E-4
2.1362305E-4
2.1362305E-4
1.8310547E-4
1.8310547E-4
1.5258789E-4
1.5258789E-4
1.5258789E-4
1.5258789E-4
1.5258789E-4
1.5258789E-4
1.5258789E-4
1.5258789E-4
1.2207031E-4
1.2207031E-4
9.1552734E-5
9.1552734E-5
1.2207031E-4
1.2207031E-4
1.2207031E-4
1.2207031E-4
6.1035156E-5
6.1035156E-5
3.0517578E-5
3.0517578E-5
0.0
0.0
0.0
0.0
0.0
0.0
-3.0517578E-5
-3.0517578E-5
-6.1035156E-5
-6.1035156E-5
-6.1035156E-5
-6.1035156E-5
-1.2207031E-4
-1.2207031E-4
-1.5258789E-4
-1.5258789E-4
-1.5258789E-4
-1.5258789E-4
-2.1362305E-4
-2.1362305E-4
-2.4414062E-4
-2.4414062E-4
-2.1362305E-4
-2.1362305E-4
-2.746582E-4
-2.746582E-4
-2.746582E-4
-2.746582E-4
-2.746582E-4
-2.746582E-4
-2.746582E-4
-2.746582E-4
-2.746582E-4
-2.746582E-4
-2.746582E-4
-2.746582E-4
-2.4414062E-4
-2.4414062E-4
-2.1362305E-4
-2.1362305E-4
-1.8310547E-4
-1.8310547E-4
-1.5258789E-4
-1.5258789E-4
-9.1552734E-5
-9.1552734E-5
0.0
0.0
3.0517578E-5
3.0517578E-5
9.1552734E-5
9.1552734E-5
1.2207031E-4
1.2207031E-4
1.8310547E-4
1.8310547E-4
2.4414062E-4
2.4414062E-4
3.0517578E-4
3.0517578E-4
3.3569336E-4
3.3569336E-4
3.9672852E-4
3.9672852E-4
4.272461E-4
4.272461E-4
4.8828125E-4
4.8828125E-4
5.187988E-4
5.187988E-4
5.493164E-4
5.493164E-4
5.493164E-4
5.493164E-4
5.493164E-4
5.493164E-4
5.493164E-4
5.493164E-4
5.493164E-4
5.493164E-4
5.493164E-4
5.493164E-4
5.187988E-4
5.187988E-4
5.187988E-4
5.187988E-4
5.187988E-4
5.187988E-4
4.8828125E-4
4.8828125E-4
4.272461E-4
4.272461E-4
3.9672852E-4
3.9672852E-4
3.6621094E-4
3.6621094E-4
3.6621094E-4
3.6621094E-4
3.0517578E-4
3.0517578E-4
3.0517578E-4
3.0517578E-4
2.4414062E-4
2.4414062E-4
2.1362305E-4
2.1362305E-4
1.8310547E-4
1.8310547E-4
1.2207031E-4
1.2207031E-4
1.2207031E-4
1.2207031E-4
6.1035156E-5
6.1035156E-5
6.1035156E-5
6.1035156E-5
0.0
0.0
0.0
0.0
0.0
0.0
-3.0517578E-5
-3.0517578E-5
-6.1035156E-5
-6.1035156E-5
-9.1552734E-5
-9.1552734E-5
-9.1552734E-5
-9.1552734E-5
-1.2207031E-4
-1.2207031E-4
-1.5258789E-4
-1.5258789E-4
-1.5258789E-4
-1.5258789E-4
-1.8310547E-4
-1.8310547E-4
-2.1362305E-4
-2.1362305E-4
-2.1362305E-4
-2.1362305E-4
-2.1362305E-4
-2.1362305E-4
-2.4414062E-4
-2.4414062E-4
-2.746582E-4
-2.746582E-4
-2.746582E-4
-2.746582E-4
-3.0517578E-4
-3.0517578E-4
-2.746582E-4
-2.746582E-4
-3.0517578E-4
-3.0517578E-4
-3.0517578E-4
-3.0517578E-4
-3.0517578E-4
-3.0517578E-4
-3.0517578E-4
-3.0517578E-4
-3.0517578E-4
-3.0517578E-4
-3.0517578E-4
-3.0517578E-4
-3.0517578E-4
-3.0517578E-4
-3.0517578E-4
-3.0517578E-4
-3.0517578E-4
-3.0517578E-4
-2.746582E-4
-2.746582E-4
-2.746582E-4
-2.746582E-4
-2.746582E-4
-2.746582E-4
-2.746582E-4
-2.746582E-4
-2.746582E-4
-2.746582E-4
-2.746582E-4
-2.746582E-4
-2.746582E-4
-2.746582E-4
-2.746582E-4
-2.746582E-4
-2.4414062E-4
-2.4414062E-4
-2.1362305E-4
-2.1362305E-4
-2.1362305E-4
-2.1362305E-4
-2.1362305E-4
-2.1362305E-4
-2.1362305E-4
-2.1362305E-4
-2.1362305E-4
-2.1362305E-4
-1.8310547E-4
-1.8310547E-4
-1.5258789E-4
-1.5258789E-4
-1.5258789E-4
-1.5258789E-4
-1.2207031E-4
-1.2207031E-4
-1.2207031E-4
-1.2207031E-4
-9.1552734E-5
-9.1552734E-5
-9.1552734E-5
-9.1552734E-5
-6.1035156E-5
-6.1035156E-5
-6.1035156E-5
-6.1035156E-5
-3.0517578E-5
-3.0517578E-5
-3.0517578E-5
-3.0517578E-5
0.0
0.0
0.0
0.0
0.0
0.0
3.0517578E-5
3.0517578E-5
3.0517578E-5
3.0517578E-5
3.0517578E-5
3.0517578E-5
6.1035156E-5
6.1035156E-5
6.1035156E-5
6.1035156E-5
6.1035156E-5
6.1035156E-5
6.1035156E-5
6.1035156E-5
9.1552734E-5
9.1552734E-5
9.1552734E-5
9.1552734E-5
9.1552734E-5
9.1552734E-5
9.1552734E-5
9.1552734E-5
9.1552734E-5
9.1552734E-5
9.1552734E-5
9.1552734E-5
9.1552734E-5
9.1552734E-5
9.1552734E-5
9.1552734E-5
9.1552734E-5
9.1552734E-5
9.1552734E-5
9.1552734E-5
9.1552734E-5
9.1552734E-5
9.1552734E-5
9.1552734E-5
9.1552734E-5
9.1552734E-5
6.1035156E-5
6.1035156E-5
6.1035156E-5
6.1035156E-5
3.0517578E-5
3.0517578E-5
3.0517578E-5
3.0517578E-5
0.0
0.0
0.0
0.0
0.0
0.0
0.0
0.0
0.0
0.0
0.0
0.0
-3.0517578E-5
-3.0517578E-5
-3.0517578E-5
-3.0517578E-5
-6.1035156E-5
-6.1035156E-5
-6.1035156E-5
-6.1035156E-5
-9.1552734E-5
-9.1552734E-5
-9.1552734E-5
-9.1552734E-5
-9.1552734E-5
-9.1552734E-5
-9.1552734E-5
-9.1552734E-5
-1.2207031E-4
-1.2207031E-4
-1.2207031E-4
-1.2207031E-4
-1.5258789E-4
-1.5258789E-4
-1.5258789E-4
-1.5258789E-4
-1.5258789E-4
-1.5258789E-4
-1.8310547E-4
-1.8310547E-4
-1.8310547E-4
-1.8310547E-4
-1.8310547E-4
-1.8310547E-4
-1.8310547E-4
-1.8310547E-4
-1.8310547E-4
-1.8310547E-4
-1.8310547E-4
-1.8310547E-4
-1.8310547E-4
-1.8310547E-4
-1.8310547E-4
-1.8310547E-4
-1.8310547E-4
-1.8310547E-4
-1.8310547E-4
-1.8310547E-4
-1.8310547E-4
-1.8310547E-4
-1.5258789E-4
-1.5258789E-4
-1.5258789E-4
-1.5258789E-4
-1.5258789E-4
-1.5258789E-4
-1.2207031E-4
-1.2207031E-4
-1.2207031E-4
-1.2207031E-4
-9.1552734E-5
-9.1552734E-5
-9.1552734E-5
-9.1552734E-5
-6.1035156E-5
-6.1035156E-5
-3.0517578E-5
-3.0517578E-5
-3.0517578E-5
-3.0517578E-5
0.0
0.0
0.0
0.0
0.0
0.0
3.0517578E-5
3.0517578E-5
6.1035156E-5
6.1035156E-5
6.1035156E-5
6.1035156E-5
9.1552734E-5
9.1552734E-5
9.1552734E-5
9.1552734E-5
1.2207031E-4
1.2207031E-4
1.2207031E-4
1.2207031E-4
1.5258789E-4
1.5258789E-4
1.5258789E-4
1.5258789E-4
1.5258789E-4
1.5258789E-4
1.8310547E-4
1.8310547E-4
1.8310547E-4
1.8310547E-4
1.8310547E-4
1.8310547E-4
1.8310547E-4
1.8310547E-4
1.8310547E-4
1.8310547E-4
2.1362305E-4
2.1362305E-4
2.1362305E-4
2.1362305E-4
2.1362305E-4
2.1362305E-4
2.1362305E-4
2.1362305E-4
2.1362305E-4
2.1362305E-4
1.8310547E-4
1.8310547E-4
2.1362305E-4
2.1362305E-4
1.8310547E-4
1.8310547E-4
1.8310547E-4
1.8310547E-4
1.8310547E-4
1.8310547E-4
1.8310547E-4
1.8310547E-4
1.8310547E-4
1.8310547E-4
1.8310547E-4
1.8310547E-4
1.5258789E-4
1.5258789E-4
1.5258789E-4
1.5258789E-4
1.5258789E-4
1.5258789E-4
1.5258789E-4
1.5258789E-4
1.2207031E-4
1.2207031E-4
1.2207031E-4
1.2207031E-4
9.1552734E-5
9.1552734E-5
9.1552734E-5
9.1552734E-5
6.1035156E-5
6.1035156E-5
6.1035156E-5
6.1035156E-5
6.1035156E-5
6.1035156E-5
3.0517578E-5
3.0517578E-5
3.0517578E-5
3.0517578E-5
0.0
0.0
0.0
0.0
0.0
0.0
0.0
0.0
0.0
0.0
0.0
0.0
0.0
0.0
0.0
0.0
-3.0517578E-5
-3.0517578E-5
-3.0517578E-5
-3.0517578E-5
-3.0517578E-5
-3.0517578E-5
-3.0517578E-5
-3.0517578E-5
-3.0517578E-5
-3.0517578E-5
-3.0517578E-5
-3.0517578E-5
-3.0517578E-5
-3.0517578E-5
-3.0517578E-5
-3.0517578E-5
-3.0517578E-5
-3.0517578E-5
-3.0517578E-5
-3.0517578E-5
-3.0517578E-5
-3.0517578E-5
-3.0517578E-5
-3.0517578E-5
-3.0517578E-5
-3.0517578E-5
-3.0517578E-5
-3.0517578E-5
0.0
0.0
0.0
0.0
0.0
0.0
0.0
0.0
0.0
0.0
0.0
0.0
0.0
0.0
0.0
0.0
0.0
0.0
0.0
0.0
0.0
0.0
0.0
0.0
0.0
0.0
0.0
0.0
0.0
0.0
0.0
0.0
0.0
0.0
0.0
0.0
0.0
0.0
0.0
0.0
0.0
0.0
0.0
0.0
3.0517578E-5
3.0517578E-5
0.0
0.0
0.0
0.0
0.0
0.0
0.0
0.0
3.0517578E-5
3.0517578E-5
3.0517578E-5
3.0517578E-5
0.0
0.0